0.684059079537790 0.648302949725128 0.558133875166006 0.437697092450623 0.354035809825474 0.324914199245745 0.328080764370175 0.339658025230817 0.347691127157970 0.359829485547691 0.400771439240013 0.492686843178917 0.612448570401568 0.707322905907643 0.755837130010140 0.750119276184305 
0.648302949725129 0.660880323654465 0.628096373727414 0.551873604450087 0.463205323543873 0.399368190834574 0.365445850457551 0.347596609869188 0.337573144222184 0.340315683000502 0.372136131886195 0.452419208792945 0.570873419596075 0.676432879996893 0.735454202370711 0.734789851734684 
0.558133875166010 0.628096373727417 0.660023799184113 0.647454865642258 0.601390384283337 0.539228521082193 0.473381141901646 0.410438136383135 0.358477842046523 0.329348333226660 0.333259576218480 0.382001731481290 0.483495219867128 0.606555794870639 0.693243772241547 0.713411824471149 
0.437697092450630 0.551873604450095 0.647454865642262 0.693328899375863 0.695496956820965 0.665035329073056 0.606776925275680 0.521889529578079 0.423879804234415 0.346740672432881 0.312382166026171 0.322877886377657 0.386685760693514 0.508927634213937 0.632504387898089 0.686981272484143 
0.354035809825480 0.463205323543883 0.601390384283345 0.695496956820969 0.737051640594734 0.738082856476315 0.704172196040741 0.632590413063715 0.522392671410696 0.402182075147179 0.323172525520097 0.297462318723654 0.323412574178893 0.418530813346521 0.565810200272198 0.658668053371681 
0.324914199245749 0.399368190834582 0.539228521082203 0.665035329073062 0.738082856476317 0.765921614297766 0.756523348512050 0.709183011895646 0.617398286679412 0.486467778542985 0.366075878241572 0.303214270837807 0.298836609433745 0.364474923033804 0.511857445259197 0.634603807091134 
0.328080764370176 0.365445850457556 0.473381141901653 0.606776925275685 0.704172196040743 0.756523348512050 0.770324886982479 0.747348399048720 0.682400181896945 0.569687718076393 0.431232088264098 0.332141868461992 0.300745178438845 0.344287067492327 0.480641792354498 0.619316082934043 
0.339658025230816 0.347596609869189 0.410438136383138 0.521889529578082 0.632590413063716 0.709183011895646 0.747348399048719 0.748455655089887 0.709729107852678 0.624255739329243 0.495547052897643 0.374081573030256 0.318858817427098 0.345696105015565 0.469404440402942 0.612053440846567 
0.347691127157968 0.337573144222183 0.358477842046523 0.423879804234415 0.522392671410695 0.617398286679410 0.682400181896944 0.709729107852677 0.696618556412327 0.638030630318072 0.532420527143440 0.411639815262766 0.342506365086376 0.356262595852901 0.466788623040820 0.606803435702560 
0.359829485547690 0.340315683000500 0.329348333226658 0.346740672432879 0.402182075147177 0.486467778542982 0.569687718076391 0.624255739329242 0.638030630318071 0.605571271759691 0.526395386820117 0.424147390510846 0.356337071728861 0.361305167489109 0.457854982350231 0.595243395605197 
0.400771439240016 0.372136131886194 0.333259576218479 0.312382166026170 0.323172525520095 0.366075878241570 0.431232088264096 0.495547052897641 0.532420527143438 0.526395386820116 0.476191976308315 0.402525881212573 0.348575945315687 0.349451922878067 0.432430318718018 0.571979553291163 
0.492686843178924 0.452419208792946 0.382001731481289 0.322877886377656 0.297462318723654 0.303214270837807 0.332141868461991 0.374081573030255 0.411639815262764 0.424147390510845 0.402525881212572 0.359396655066550 0.323079412919969 0.322963024085373 0.394579984864461 0.540918650190021 
0.612448570401575 0.570873419596078 0.483495219867127 0.386685760693513 0.323412574178893 0.298836609433745 0.300745178438845 0.318858817427098 0.342506365086376 0.356337071728861 0.348575945315687 0.323079412919969 0.297696311272733 0.298185903040080 0.365095403444662 0.520005113304211 
0.707322905907648 0.676432879996895 0.606555794870639 0.508927634213936 0.418530813346522 0.364474923033806 0.344287067492329 0.345696105015566 0.356262595852902 0.361305167489110 0.349451922878067 0.322963024085374 0.298185903040080 0.301913799613589 0.376417185447757 0.536303744771187 
0.755837130010143 0.735454202370712 0.693243772241547 0.632504387898089 0.565810200272199 0.511857445259199 0.480641792354501 0.469404440402946 0.466788623040824 0.457854982350233 0.432430318718020 0.394579984864462 0.365095403444662 0.376417185447758 0.464069875931117 0.601567148502953 
0.750119276184308 0.734789851734685 0.713411824471148 0.686981272484142 0.658668053371681 0.634603807091135 0.619316082934045 0.612053440846570 0.606803435702562 0.595243395605199 0.571979553291165 0.540918650190022 0.520005113304212 0.536303744771188 0.601567148502953 0.679587657431727 
0.675534491669052 0.517886496648841 0.356320939430710 0.296760320954064 0.305533809050595 0.373389040231623 0.510984459470913 0.648030633762013 0.717839454322034 0.712105875285786 0.626152709366734 0.467914456712268 0.339169150606160 0.299511454997318 0.334342369834597 0.457338363683525 
0.659260609590947 0.498007782752784 0.344219619002226 0.294555323818348 0.313059823135888 0.395408066696618 0.543746197038876 0.670815448974073 0.726958635431756 0.708187364179004 0.608150813221413 0.442076204865148 0.327083907404659 0.299572846371164 0.344434762750118 0.475163112331764 
0.653725052930153 0.507574766683749 0.356347944030744 0.301245267500293 0.317537045033495 0.402909135910900 0.554560216416293 0.677327750307075 0.726621254363725 0.699191410646325 0.588189937355300 0.418750140554698 0.317858468399270 0.302521597678336 0.359735403135209 0.498779832673672 
0.655452435823788 0.536042274558152 0.385778901528972 0.313478397386538 0.317061547530703 0.394288904109979 0.544098277756758 0.669321624277558 0.718429016916211 0.687099311783772 0.569477650275924 0.401172874527277 0.312394088236475 0.307899413059661 0.378144126917421 0.524486967422196 
0.659764096171125 0.570575731423215 0.425872703154180 0.330208767062381 0.313718705689088 0.374257246010175 0.516400699937872 0.649570225412740 0.704527779271961 0.674052506565188 0.554524318638085 0.390294172989699 0.310427404030665 0.314481732818530 0.396306745731485 0.547682208783631 
0.664659380694660 0.602631103209796 0.468733760379099 0.350227790262371 0.310837718558674 0.350769363231772 0.478879103573718 0.622327177123403 0.687722023688538 0.662167118143433 0.544720732085729 0.385285784447523 0.310776522164963 0.320314138937549 0.409966674534122 0.563727894202043 
0.669723275985903 0.628270030983705 0.506601546823657 0.370950885577986 0.310411722501121 0.330931862701098 0.441853694702994 0.593874189125141 0.671703230753507 0.653714029843436 0.540936468448013 0.384955230365340 0.311944577506494 0.323031776787891 0.414601542102048 0.568106029468193 
0.673905209923419 0.646132459791899 0.534841179349980 0.389194293366368 0.312424342539030 0.318380209593718 0.414621977741696 0.571387584641912 0.660616210245810 0.651177732859316 0.544496723391143 0.389262884457946 0.313024176347356 0.320738529615976 0.406638309522697 0.556290180653562 
0.674713052464274 0.655749990079578 0.552110099991205 0.402348598016464 0.315705872375732 0.313449380260727 0.401343092671221 0.560024843236249 0.657593004842011 0.656664011041610 0.557604725751767 0.400683361297642 0.314927360833479 0.313400143866388 0.385265824744706 0.524252545244864 
0.669158607798943 0.657022386086429 0.558810095813539 0.408950743206265 0.319023836777727 0.314828136578705 0.401135535114585 0.560442343521969 0.662956549191079 0.670638679222034 0.582446548968163 0.424827096601241 0.321656286181456 0.304103174011767 0.354308983056754 0.471278023897406 
0.656117553289278 0.650926795379169 0.556355940441582 0.408716661805416 0.321387291809850 0.320311625750312 0.409439826808263 0.568020652558901 0.673203072782563 0.690600590134057 0.618750049663810 0.468493979614497 0.341193381694593 0.299572460246834 0.322682706643310 0.405644674882210 
0.639416407348102 0.640972454595383 0.547657076306941 0.402519419218185 0.321643248887810 0.326199364284555 0.418167230873455 0.573696690506700 0.681313129310764 0.710588515108940 0.661087392982402 0.532818226450462 0.385247383714018 0.310345620631569 0.302071867355293 0.345561715873258 
0.629862188171864 0.634215406008014 0.538158738193724 0.392953526870885 0.318640777679744 0.327440568391233 0.417112437285169 0.566140392941271 0.677925466630536 0.721945939009661 0.698981815332779 0.606268570599906 0.463099877285297 0.350898944873551 0.304531038371204 0.308778094777198 
0.641211794772713 0.639309497191826 0.536050823721974 0.385562543583572 0.313004289663141 0.320528869530461 0.398730009611682 0.534722336838483 0.652294739546400 0.714416705832393 0.720232017826471 0.668899445431982 0.561530666680929 0.433327662933633 0.343480961908245 0.305859321652354 
0.676254670210699 0.659984076621555 0.549932979714132 0.390055493391576 0.309811865458460 0.307703222332575 0.364177958023110 0.474533515044641 0.593443160527363 0.676321740540804 0.713175532038055 0.703251727535352 0.644689358745562 0.543107507527194 0.429122955996294 0.345770243836118 
0.716273652567670 0.689435812621405 0.583805351800432 0.420345612683869 0.320844301925820 0.299103495956397 0.326486485592401 0.396831048415458 0.497619653925516 0.596003360121458 0.666444060681570 0.698833160174736 0.689124731027289 0.635574009391595 0.542903596347606 0.434453872877084 
0.615431788333841 0.702791874235229 0.713742845461131 0.663924864118105 0.580983989484242 0.518614380661788 0.502385440623164 0.510193844632127 0.508762463506079 0.479760204077835 0.426319864326869 0.367828434388696 0.322901527039097 0.301673280271620 0.311761513353747 0.362713418034147 
0.624255081261359 0.696108819183881 0.683124315475029 0.591987895439910 0.464609334017134 0.392800118313127 0.383030954016504 0.395790666909851 0.396963364698096 0.373618915383353 0.336388983753130 0.304716890917257 0.290850077814179 0.302946692076354 0.352177226517584 0.443460653601688 
0.634843609210380 0.687395184626372 0.646116114229959 0.512363985483169 0.369294767949542 0.316779368404651 0.322271743432252 0.344358341331354 0.355918575602337 0.346251921777479 0.324270762671506 0.308452528534378 0.314484773509929 0.355874528800276 0.439721725625851 0.542034523245664 
0.647939300172847 0.684643206055607 0.624043386486088 0.469435056508955 0.334683657720409 0.299083838483546 0.317363168871117 0.354098951326883 0.386840774538619 0.401101695759588 0.398947577126446 0.398962650029971 0.423965543370125 0.485880379103590 0.566537768886424 0.627311329038559 
0.662107754502621 0.690439085735192 0.624313489107752 0.468194867025587 0.337006027738199 0.306183739141420 0.333861011065870 0.391030248724164 0.457278851557690 0.510807944075009 0.544698855380772 0.569994883480762 0.601467044380403 0.641100494718163 0.672127890863683 0.672101138044507 
0.673954202413375 0.701495188170072 0.640610060704533 0.492795071613788 0.353909106535729 0.315047174733493 0.343866608894592 0.415451630957031 0.509282875891981 0.593839325849014 0.653751383580989 0.693387639950672 0.720296015485874 0.734204292645862 0.724025482238728 0.672127890863684 
0.679172551022401 0.712346737949214 0.663738369388693 0.530202676420310 0.378073181929707 0.318904260446135 0.335665845669725 0.404749890672166 0.509752402160200 0.614873393641334 0.693958099565290 0.744668017199812 0.770759963042285 0.770842750216189 0.734204292645862 0.641100494718165 
0.672994187842799 0.717657755114874 0.687063532347104 0.575260505222356 0.416199880590850 0.326708366376812 0.317838644420695 0.364847256497062 0.458456965029093 0.574166305879504 0.673890413910985 0.740906900944071 0.773910792606144 0.770759963042285 0.720296015485874 0.601467044380403 
0.649859963832534 0.711819371824538 0.704953241046011 0.624220539913043 0.478600704614533 0.356709303882456 0.311390187403194 0.323170610403265 0.381950033409778 0.484178931872135 0.600613336556469 0.691537481124226 0.740906900944070 0.744668017199811 0.693387639950672 0.569994883480762 
0.603518024937773 0.687756861705253 0.709910529410777 0.667393950137484 0.559132059608348 0.424848030945883 0.337564410580267 0.307842438807711 0.323238853727225 0.384369896233547 0.489359196618767 0.600613336556468 0.673890413910984 0.693958099565290 0.653751383580988 0.544698855380772 
0.530239109924280 0.637016179206348 0.692420194411152 0.691083020996119 0.631822079596393 0.523956652390641 0.409873408513528 0.334684899315202 0.306192310451245 0.321613656723840 0.384369896233546 0.484178931872134 0.574166305879502 0.614873393641333 0.593839325849013 0.510807944075008 
0.438857643359978 0.553845645438450 0.642744538698679 0.683756415175435 0.673686643126729 0.614021211744639 0.515547250528324 0.409585766117511 0.334885500491323 0.306192310451245 0.323238853727224 0.381950033409777 0.458456965029090 0.509752402160198 0.509282875891979 0.457278851557690 
0.357582709068468 0.448800251868788 0.555704424460551 0.637357662454362 0.674722643495985 0.665092775625696 0.609691305525723 0.515409094643191 0.409585766117511 0.334684899315202 0.307842438807711 0.323170610403264 0.364847256497060 0.404749890672164 0.415451630957030 0.391030248724164 
0.311366706515757 0.358324135007038 0.445861998154649 0.550030102827192 0.631356215678415 0.670174696447575 0.663028819624047 0.609691305525724 0.515547250528325 0.409873408513530 0.337564410580269 0.311390187403195 0.317838644420695 0.335665845669724 0.343866608894592 0.333861011065870 
0.307396000701654 0.310386513544682 0.354750568114826 0.440657156490569 0.545559523758214 0.629073224237026 0.670174696447575 0.665092775625697 0.614021211744640 0.523956652390644 0.424848030945886 0.356709303882458 0.326708366376814 0.318904260446136 0.315047174733493 0.306183739141420 
0.349677608297732 0.308077985828260 0.308809148361583 0.352075015530575 0.438501922425450 0.545559523758213 0.631356215678414 0.674722643495985 0.673686643126729 0.631822079596395 0.559132059608352 0.478600704614537 0.416199880590853 0.378073181929708 0.353909106535729 0.337006027738198 
0.457306342994271 0.568994541815523 0.654534375877091 0.694291702399181 0.689658802577561 0.648534629039765 0.582475175504445 0.505819032788331 0.432779956814242 0.378127470353744 0.357274086474440 0.381831538751173 0.454130287616137 0.548450991067675 0.626939493032417 0.673988303089311 
0.549966943600474 0.629873086820358 0.665287233126798 0.654534375877090 0.601325598834956 0.518908722081902 0.435937326883432 0.377563864966768 0.345459648653041 0.331905427238527 0.332860475935292 0.350989598767205 0.393532839542952 0.459843625707305 0.534809957327628 0.601904865983873 
0.617522698037335 0.647003189300300 0.629873086820359 0.568994541815524 0.476501057644486 0.386953479895107 0.332020102661880 0.313302278847367 0.318768066942917 0.333822777427571 0.345491797817191 0.349503325659828 0.353462270995118 0.370481331944465 0.410396081445556 0.476443154443145 
0.645353724810871 0.617522698037336 0.549966943600476 0.457306342994273 0.369912126911920 0.315972505568662 0.300620233263573 0.317602016132607 0.356222438930121 0.396462674373882 0.415626626089843 0.404012442990489 0.370746261591446 0.338994502128627 0.330941394967986 0.360190498250183 
0.627311329038561 0.542034523245666 0.443460653601690 0.362713418034149 0.315324187114478 0.303961879816726 0.328375522874650 0.386212127845992 0.461011386667152 0.520370438773136 0.540634984846251 0.515577409028941 0.452044584724306 0.376138656277515 0.323638408024315 0.312451992896796 
0.566537768886426 0.439721725625854 0.352177226517585 0.311761513353747 0.308246104384263 0.341237061249078 0.413091295704257 0.509423602661389 0.594937628499364 0.645345843880767 0.655167438308686 0.624154295186374 0.552871534278832 0.453812546187069 0.365014237174866 0.318881224722745 
0.485880379103592 0.355874528800277 0.302946692076355 0.301673280271620 0.341243509188146 0.424133460781660 0.533710047631629 0.631482141531086 0.695426543691730 0.723673505763850 0.719433537669156 0.683897102620520 0.615634761570683 0.517942980363670 0.416393408165640 0.348525282247822 
0.423965543370126 0.314484773509929 0.290850077814179 0.322901527039096 0.407254211015901 0.528165861278129 0.637766365371800 0.709912756202340 0.745099433553961 0.749656414606837 0.728521565174255 0.684153453666628 0.616878296060107 0.529440876403599 0.438801080173003 0.371955170891807 
0.398962650029971 0.308452528534378 0.304716890917256 0.367828434388695 0.488785235402925 0.614489968984519 0.699327897107796 0.740167058070314 0.745366698527201 0.722236989703814 0.677108597046095 0.616776659044170 0.548131073500262 0.478540761222842 0.418335865182431 0.375202793527561 
0.398947577126445 0.324270762671505 0.336388983753130 0.426319864326868 0.560209658649890 0.665269067672107 0.717991374005979 0.724894552412396 0.694508752123411 0.634527021763301 0.557296865080326 0.481759007511116 0.424516483834985 0.391189843563462 0.377827460793752 0.372081831349095 
0.401101695759587 0.346251921777479 0.373618915383353 0.479760204077835 0.603895918379520 0.679253888802093 0.696446315649614 0.663336139516780 0.590255011828161 0.494688333237292 0.407231016197884 0.351182987930099 0.328450336302125 0.335914797283816 0.366716681411540 0.397503429843452 
0.386840774538618 0.355918575602338 0.396963364698098 0.508762463506081 0.615503043370995 0.659710202099067 0.636309967787129 0.558376989308635 0.457137475355993 0.371433887557207 0.319272065299941 0.298567995052780 0.307102501993351 0.349226072539241 0.419296358225905 0.479598796731310 
0.354098951326883 0.344358341331355 0.395790666909853 0.510193844632128 0.601909260003614 0.614723563305625 0.546286888564582 0.436760244447035 0.352165377384952 0.308521457133961 0.294961003250758 0.306806369413140 0.350488093157417 0.432853899490135 0.531541981124316 0.598793281817854 
0.317363168871117 0.322271743432254 0.383030954016506 0.502385440623165 0.582494744455603 0.565273738876714 0.457166092983390 0.346196212055179 0.295693833240145 0.287731278663033 0.307772182133059 0.359106882141854 0.447540164229542 0.556523359981836 0.647417872312075 0.698260746344236 
0.299083838483546 0.316779368404651 0.392800118313127 0.518614380661786 0.586322650587204 0.546229796701227 0.413961503151918 0.307995322668375 0.277246220591682 0.294037243788522 0.349744247162973 0.446501764105906 0.562261729684925 0.659624016747562 0.722682658829959 0.752885341361188 
0.334683657720408 0.369294767949541 0.464609334017133 0.580983989484239 0.628690461183707 0.580008230820409 0.444820561605802 0.331072081837624 0.302283688638680 0.338062750663456 0.428080416666979 0.547631529834552 0.649349028108385 0.714605579009815 0.747444257812177 0.756472848964151 
0.675534491669055 0.659260609590948 0.653725052930151 0.655452435823785 0.659764096171123 0.664659380694659 0.669723275985903 0.673905209923419 0.674713052464274 0.669158607798944 0.656117553289279 0.639416407348102 0.629862188171865 0.641211794772712 0.676254670210698 0.716273652567670 
0.517886496648845 0.498007782752783 0.507574766683745 0.536042274558146 0.570575731423210 0.602631103209792 0.628270030983702 0.646132459791897 0.655749990079578 0.657022386086429 0.650926795379169 0.640972454595383 0.634215406008014 0.639309497191825 0.659984076621553 0.689435812621403 
0.356320939430713 0.344219619002225 0.356347944030740 0.385778901528967 0.425872703154175 0.468733760379094 0.506601546823653 0.534841179349977 0.552110099991203 0.558810095813538 0.556355940441582 0.547657076306941 0.538158738193723 0.536050823721973 0.549932979714129 0.583805351800429 
0.296760320954065 0.294555323818347 0.301245267500291 0.313478397386537 0.330208767062379 0.350227790262368 0.370950885577984 0.389194293366366 0.402348598016462 0.408950743206264 0.408716661805415 0.402519419218185 0.392953526870885 0.385562543583572 0.390055493391574 0.420345612683865 
0.305533809050594 0.313059823135887 0.317537045033495 0.317061547530704 0.313718705689089 0.310837718558674 0.310411722501121 0.312424342539029 0.315705872375731 0.319023836777726 0.321387291809849 0.321643248887810 0.318640777679745 0.313004289663142 0.309811865458460 0.320844301925819 
0.373389040231620 0.395408066696617 0.402909135910901 0.394288904109982 0.374257246010179 0.350769363231775 0.330931862701100 0.318380209593719 0.313449380260727 0.314828136578704 0.320311625750312 0.326199364284555 0.327440568391233 0.320528869530462 0.307703222332576 0.299103495956397 
0.510984459470910 0.543746197038874 0.554560216416294 0.544098277756762 0.516400699937877 0.478879103573724 0.441853694702998 0.414621977741698 0.401343092671221 0.401135535114585 0.409439826808262 0.418167230873455 0.417112437285170 0.398730009611684 0.364177958023111 0.326486485592401 
0.648030633762010 0.670815448974071 0.677327750307075 0.669321624277560 0.649570225412743 0.622327177123407 0.593874189125145 0.571387584641915 0.560024843236250 0.560442343521970 0.568020652558901 0.573696690506701 0.566140392941272 0.534722336838484 0.474533515044641 0.396831048415458 
0.717839454322031 0.726958635431753 0.726621254363723 0.718429016916211 0.704527779271962 0.687722023688540 0.671703230753509 0.660616210245811 0.657593004842011 0.662956549191080 0.673203072782563 0.681313129310765 0.677925466630537 0.652294739546400 0.593443160527362 0.497619653925512 
0.712105875285780 0.708187364178999 0.699191410646321 0.687099311783770 0.674052506565187 0.662167118143434 0.653714029843437 0.651177732859317 0.656664011041611 0.670638679222035 0.690600590134058 0.710588515108941 0.721945939009662 0.714416705832393 0.676321740540802 0.596003360121453 
0.626152709366725 0.608150813221405 0.588189937355293 0.569477650275920 0.554524318638084 0.544720732085729 0.540936468448014 0.544496723391144 0.557604725751768 0.582446548968164 0.618750049663811 0.661087392982404 0.698981815332781 0.720232017826472 0.713175532038054 0.666444060681565 
0.467914456712256 0.442076204865138 0.418750140554691 0.401172874527273 0.390294172989698 0.385285784447523 0.384955230365340 0.389262884457946 0.400683361297642 0.424827096601241 0.468493979614498 0.532818226450466 0.606268570599910 0.668899445431985 0.703251727535353 0.698833160174734 
0.339169150606153 0.327083907404654 0.317858468399267 0.312394088236474 0.310427404030665 0.310776522164963 0.311944577506494 0.313024176347356 0.314927360833479 0.321656286181456 0.341193381694595 0.385247383714021 0.463099877285303 0.561530666680936 0.644689358745566 0.689124731027290 
0.299511454997317 0.299572846371165 0.302521597678337 0.307899413059663 0.314481732818532 0.320314138937550 0.323031776787892 0.320738529615976 0.313400143866388 0.304103174011767 0.299572460246834 0.310345620631571 0.350898944873556 0.433327662933640 0.543107507527202 0.635574009391599 
0.334342369834604 0.344434762750125 0.359735403135215 0.378144126917426 0.396306745731489 0.409966674534124 0.414601542102049 0.406638309522697 0.385265824744705 0.354308983056753 0.322682706643309 0.302071867355293 0.304531038371206 0.343480961908250 0.429122955996302 0.542903596347614 
0.457338363683540 0.475163112331777 0.498779832673683 0.524486967422203 0.547682208783636 0.563727894202046 0.568106029468194 0.556290180653562 0.524252545244862 0.471278023897402 0.405644674882206 0.345561715873254 0.308778094777197 0.305859321652355 0.345770243836123 0.434453872877092 
0.735105055552747 0.713034579449774 0.630870206345411 0.487289694265220 0.364937521337547 0.312190895809685 0.306151898464449 0.332583632381418 0.390511702642888 0.476517375920262 0.571969541049582 0.648663324026355 0.688328681098844 0.684942940217440 0.637474693639881 0.549270471333837 
0.713034579449773 0.713044168155872 0.670874712551395 0.575900943943607 0.457088420236418 0.369260322470998 0.323182272961991 0.308416881503921 0.321117585093103 0.365636389478162 0.447690685145744 0.553006748282912 0.641688610372547 0.688327837050807 0.688602856788073 0.643199103925062 
0.630870206345407 0.670874712551393 0.680326676033968 0.646064685963220 0.571900865382373 0.479288345463978 0.394430439276547 0.334707499858252 0.305685578563679 0.308976270940446 0.350764372312298 0.439288395936698 0.555260195994266 0.648575775456486 0.695105349850010 0.694172903889542 
0.487289694265216 0.575900943943604 0.646064685963219 0.673042177432230 0.655063706398483 0.598460485495016 0.512182064024068 0.415995683027191 0.340710850384070 0.303277805168278 0.305805173665909 0.353589595087703 0.452011830888932 0.570909732173448 0.659524899276886 0.700995975197495 
0.364937521337544 0.457088420236416 0.571900865382373 0.655063706398484 0.688836136445961 0.677135195266684 0.623545686976755 0.531953728527519 0.423539175721793 0.339887405369332 0.302205162641561 0.310034952856044 0.366522071552871 0.470233961327163 0.583729736555618 0.664410877694818 
0.312190895809684 0.369260322470998 0.479288345463980 0.598460485495020 0.677135195266686 0.707235487050052 0.692673171031025 0.633954186971966 0.533386961675828 0.417122849170192 0.333871242534429 0.301742687100465 0.316248930563225 0.377439984502858 0.478306494232980 0.583729736555617 
0.306151898464449 0.323182272961992 0.394430439276550 0.512182064024075 0.623545686976762 0.692673171031029 0.716169705920199 0.695812804352760 0.629750330171435 0.521214262920478 0.403764849031630 0.327180460454714 0.301611283821533 0.319105917277941 0.377439984502856 0.470233961327160 
0.332583632381417 0.308416881503922 0.334707499858255 0.415995683027198 0.531953728527529 0.633954186971974 0.695812804352764 0.714417588319445 0.689265383223469 0.617580486864686 0.505897737775992 0.393553908683547 0.324362953763593 0.301611283821533 0.316248930563224 0.366522071552867 
0.390511702642883 0.321117585093100 0.305685578563680 0.340710850384075 0.423539175721804 0.533386961675839 0.629750330171444 0.689265383223473 0.706675389840855 0.680006467989381 0.607435790980658 0.499058239979185 0.393553908683549 0.327180460454716 0.301742687100466 0.310034952856042 
0.476517375920254 0.365636389478155 0.308976270940443 0.303277805168280 0.339887405369338 0.417122849170203 0.521214262920489 0.617580486864693 0.680006467989384 0.700044196848176 0.675750672809821 0.607435790980660 0.505897737775996 0.403764849031636 0.333871242534433 0.302205162641562 
0.571969541049572 0.447690685145733 0.350764372312290 0.305805173665905 0.302205162641563 0.333871242534434 0.403764849031638 0.505897737775998 0.607435790980661 0.675750672809822 0.700044196848176 0.680006467989382 0.617580486864691 0.521214262920486 0.417122849170200 0.339887405369337 
0.648663324026347 0.553006748282900 0.439288395936685 0.353589595087695 0.310034952856041 0.301742687100466 0.327180460454717 0.393553908683550 0.499058239979186 0.607435790980659 0.680006467989381 0.706675389840854 0.689265383223472 0.629750330171441 0.533386961675837 0.423539175721802 
0.688328681098841 0.641688610372538 0.555260195994254 0.452011830888921 0.366522071552864 0.316248930563222 0.301611283821533 0.324362953763594 0.393553908683547 0.505897737775992 0.617580486864686 0.689265383223469 0.714417588319445 0.695812804352762 0.633954186971973 0.531953728527528 
0.684942940217441 0.688327837050804 0.648575775456479 0.570909732173439 0.470233961327156 0.377439984502854 0.319105917277940 0.301611283821533 0.327180460454714 0.403764849031630 0.521214262920478 0.629750330171435 0.695812804352759 0.716169705920199 0.692673171031028 0.623545686976761 
0.637474693639886 0.688602856788073 0.695105349850007 0.659524899276882 0.583729736555614 0.478306494232978 0.377439984502857 0.316248930563224 0.301742687100465 0.333871242534429 0.417122849170192 0.533386961675828 0.633954186971967 0.692673171031026 0.707235487050052 0.677135195266687 
0.549270471333844 0.643199103925066 0.694172903889542 0.700995975197494 0.664410877694817 0.583729736555617 0.470233961327163 0.366522071552871 0.310034952856044 0.302205162641561 0.339887405369332 0.423539175721794 0.531953728527520 0.623545686976757 0.677135195266685 0.688836136445962 
0.440638547454239 0.352458498113770 0.308321624759015 0.308183695268890 0.352075015530574 0.440657156490567 0.550030102827189 0.637357662454360 0.683756415175434 0.691083020996119 0.667393950137486 0.624220539913046 0.575260505222359 0.530202676420311 0.492795071613787 0.468194867025586 
0.555152876896787 0.444241188808457 0.353425690142127 0.308321624759015 0.308809148361582 0.354750568114824 0.445861998154644 0.555704424460547 0.642744538698676 0.692420194411151 0.709910529410777 0.704953241046013 0.687063532347106 0.663738369388694 0.640610060704532 0.624313489107751 
0.647380694410817 0.557398825001299 0.444241188808458 0.352458498113771 0.308077985828261 0.310386513544681 0.358324135007035 0.448800251868783 0.553845645438446 0.637016179206346 0.687756861705253 0.711819371824539 0.717657755114875 0.712346737949215 0.701495188170072 0.690439085735192 
0.696638442696198 0.647380694410818 0.555152876896789 0.440638547454243 0.349677608297734 0.307396000701655 0.311366706515756 0.357582709068465 0.438857643359975 0.530239109924278 0.603518024937772 0.649859963832535 0.672994187842800 0.679172551022402 0.673954202413376 0.662107754502621 
0.700995975197495 0.694172903889542 0.643199103925064 0.549270471333841 0.434453872877089 0.345770243836121 0.305859321652355 0.308778094777197 0.345561715873256 0.405644674882210 0.471278023897406 0.524252545244866 0.556290180653564 0.568106029468195 0.563727894202044 0.547682208783631 
0.659524899276884 0.695105349850008 0.688602856788073 0.637474693639884 0.542903596347611 0.429122955996299 0.343480961908249 0.304531038371205 0.302071867355293 0.322682706643310 0.354308983056755 0.385265824744708 0.406638309522699 0.414601542102049 0.409966674534123 0.396306745731485 
0.570909732173443 0.648575775456481 0.688327837050805 0.684942940217440 0.635574009391597 0.543107507527198 0.433327662933637 0.350898944873554 0.310345620631570 0.299572460246834 0.304103174011767 0.313400143866389 0.320738529615977 0.323031776787892 0.320314138937549 0.314481732818530 
0.452011830888926 0.555260195994258 0.641688610372540 0.688328681098841 0.689124731027289 0.644689358745564 0.561530666680933 0.463099877285300 0.385247383714018 0.341193381694592 0.321656286181454 0.314927360833478 0.313024176347355 0.311944577506493 0.310776522164962 0.310427404030665 
0.353589595087698 0.439288395936689 0.553006748282903 0.648663324026349 0.698833160174734 0.703251727535352 0.668899445431983 0.606268570599906 0.532818226450461 0.468493979614493 0.424827096601236 0.400683361297637 0.389262884457942 0.384955230365338 0.385285784447522 0.390294172989699 
0.305805173665906 0.350764372312292 0.447690685145735 0.571969541049574 0.666444060681566 0.713175532038054 0.720232017826472 0.698981815332779 0.661087392982401 0.618750049663808 0.582446548968160 0.557604725751764 0.544496723391140 0.540936468448011 0.544720732085728 0.554524318638086 
0.303277805168280 0.308976270940444 0.365636389478156 0.476517375920255 0.596003360121454 0.676321740540803 0.714416705832393 0.721945939009662 0.710588515108941 0.690600590134057 0.670638679222034 0.656664011041610 0.651177732859316 0.653714029843437 0.662167118143435 0.674052506565189 
0.340710850384074 0.305685578563680 0.321117585093101 0.390511702642884 0.497619653925513 0.593443160527364 0.652294739546402 0.677925466630539 0.681313129310768 0.673203072782566 0.662956549191083 0.657593004842014 0.660616210245814 0.671703230753511 0.687722023688541 0.704527779271963 
0.415995683027198 0.334707499858255 0.308416881503922 0.332583632381417 0.396831048415459 0.474533515044644 0.534722336838488 0.566140392941277 0.573696690506707 0.568020652558908 0.560442343521976 0.560024843236255 0.571387584641919 0.593874189125148 0.622327177123409 0.649570225412744 
0.512182064024075 0.394430439276551 0.323182272961992 0.306151898464449 0.326486485592402 0.364177958023113 0.398730009611688 0.417112437285176 0.418167230873462 0.409439826808269 0.401135535114591 0.401343092671227 0.414621977741704 0.441853694703002 0.478879103573727 0.516400699937878 
0.598460485495020 0.479288345463980 0.369260322470998 0.312190895809684 0.299103495956397 0.307703222332576 0.320528869530464 0.327440568391235 0.326199364284558 0.320311625750314 0.314828136578706 0.313449380260729 0.318380209593721 0.330931862701102 0.350769363231776 0.374257246010179 
0.655063706398485 0.571900865382373 0.457088420236415 0.364937521337543 0.320844301925817 0.309811865458459 0.313004289663141 0.318640777679744 0.321643248887809 0.321387291809848 0.319023836777725 0.315705872375730 0.312424342539028 0.310411722501121 0.310837718558675 0.313718705689089 
0.469435056508952 0.512363985483167 0.591987895439908 0.663924864118103 0.686746116559072 0.646492061109398 0.544057361450590 0.436564252529522 0.402199392006467 0.445264158476138 0.536978767376134 0.628708205605805 0.689736462635886 0.716902161841375 0.716580338498457 0.698524472061603 
0.624043386486086 0.646116114229957 0.683124315475028 0.713742845461130 0.719807705282934 0.693378611815670 0.635940178587106 0.572554414661245 0.546282184326461 0.568998419882080 0.617363954291810 0.658754107323764 0.674857687898731 0.660959118371242 0.620012106814488 0.564809453091159 
0.684643206055607 0.687395184626372 0.696108819183882 0.702791874235231 0.699679425038684 0.682602850344517 0.652659869933088 0.620727893992341 0.604247578920898 0.608349051979660 0.620350219855491 0.621562306359394 0.598520717106414 0.545813208852548 0.470792369520473 0.399456048033415 
0.647939300172847 0.634843609210381 0.624255081261361 0.615431788333844 0.606485112801784 0.595312436389130 0.581088893362325 0.566621701641578 0.556835409736506 0.551419245442220 0.542146800128190 0.518132721238138 0.473226613313348 0.412677214840750 0.354229474435595 0.314523913406877 
0.524486967422196 0.498779832673673 0.475163112331766 0.457338363683529 0.446801658270820 0.442170262504098 0.440345068664997 0.438829446114190 0.436194883469699 0.429875891564951 0.415728857339998 0.391263138790890 0.359336855292916 0.328349034055656 0.307659617577948 0.301224918148121 
0.378144126917421 0.359735403135209 0.344434762750118 0.334342369834598 0.330041895554419 0.330537347627017 0.333672203919160 0.336990242633130 0.338349453872314 0.336001394316533 0.329182249415062 0.319419709847011 0.311109248494450 0.310258929131591 0.321645189543225 0.345108824686026 
0.307899413059661 0.302521597678336 0.299572846371164 0.299511454997317 0.302117971106465 0.306634307144304 0.311902973389132 0.316601152142857 0.319669796853083 0.320923651803579 0.321800906960220 0.325877889830809 0.338504910778087 0.365135423653251 0.408015092333450 0.461390682360310 
0.312394088236475 0.317858468399271 0.327083907404659 0.339169150606159 0.352416158568887 0.365104485216825 0.376010577455026 0.384555247800090 0.391033142385384 0.397148155387031 0.406557222394222 0.424682198613693 0.456724249756606 0.503418778851106 0.557886880597434 0.609061973099772 
0.401172874527278 0.418750140554699 0.442076204865148 0.467914456712267 0.492046724592856 0.511443687484464 0.525259716107210 0.534445815947753 0.541107540547357 0.548186608243947 0.559205546807454 0.577433044343168 0.604155603658184 0.637006779248180 0.670436122194639 0.698612817821487 
0.569477650275926 0.588189937355301 0.608150813221413 0.626152709366732 0.639505796268327 0.647080595553202 0.649515602046651 0.648753805846879 0.647329670931589 0.647702144611460 0.651775676004195 0.660478170691056 0.673264396629468 0.687891153778276 0.701049957954533 0.709695941659427 
0.687099311783773 0.699191410646325 0.708187364179003 0.712105875285783 0.709695941659429 0.701049957954535 0.687891153778277 0.673264396629470 0.660478170691059 0.651775676004199 0.647702144611464 0.647329670931592 0.648753805846881 0.649515602046651 0.647080595553200 0.639505796268321 
0.718429016916212 0.726621254363723 0.726958635431753 0.717839454322030 0.698612817821486 0.670436122194639 0.637006779248183 0.604155603658190 0.577433044343178 0.559205546807465 0.548186608243959 0.541107540547366 0.534445815947759 0.525259716107211 0.511443687484460 0.492046724592848 
0.669321624277559 0.677327750307072 0.670815448974066 0.648030633762005 0.609061973099766 0.557886880597431 0.503418778851108 0.456724249756614 0.424682198613705 0.406557222394235 0.397148155387043 0.391033142385394 0.384555247800096 0.376010577455028 0.365104485216824 0.352416158568882 
0.544098277756759 0.554560216416288 0.543746197038866 0.510984459470901 0.461390682360301 0.408015092333445 0.365135423653250 0.338504910778090 0.325877889830814 0.321800906960226 0.320923651803583 0.319669796853086 0.316601152142859 0.311902973389134 0.306634307144304 0.302117971106464 
0.394288904109980 0.402909135910896 0.395408066696610 0.373389040231613 0.345108824686020 0.321645189543222 0.310258929131590 0.311109248494451 0.319419709847011 0.329182249415061 0.336001394316531 0.338349453872312 0.336990242633129 0.333672203919160 0.330537347627019 0.330041895554423 
0.317061547530703 0.317537045033493 0.313059823135884 0.305533809050592 0.301224918148119 0.307659617577948 0.328349034055657 0.359336855292916 0.391263138790887 0.415728857339990 0.429875891564941 0.436194883469690 0.438829446114183 0.440345068664996 0.442170262504102 0.446801658270828 
0.615431788333852 0.624255081261368 0.634843609210386 0.647939300172850 0.662107754502622 0.673954202413376 0.679172551022401 0.672994187842798 0.649859963832532 0.603518024937769 0.530239109924274 0.438857643359971 0.357582709068463 0.311366706515755 0.307396000701656 0.349677608297736 
0.702791874235233 0.696108819183881 0.687395184626369 0.684643206055603 0.690439085735189 0.701495188170071 0.712346737949214 0.717657755114874 0.711819371824538 0.687756861705251 0.637016179206343 0.553845645438443 0.448800251868780 0.358324135007033 0.310386513544680 0.308077985828261 
0.713742845461129 0.683124315475020 0.646116114229945 0.624043386486075 0.624313489107743 0.640610060704529 0.663738369388693 0.687063532347106 0.704953241046013 0.709910529410777 0.692420194411150 0.642744538698674 0.555704424460543 0.445861998154641 0.354750568114822 0.308809148361582 
0.663924864118099 0.591987895439892 0.512363985483145 0.469435056508934 0.468194867025575 0.492795071613783 0.530202676420311 0.575260505222361 0.624220539913049 0.667393950137488 0.691083020996120 0.683756415175433 0.637357662454357 0.550030102827185 0.440657156490563 0.352075015530572 
0.580983989484235 0.464609334017115 0.369294767949524 0.334683657720398 0.337006027738194 0.353909106535729 0.378073181929711 0.416199880590857 0.478600704614542 0.559132059608356 0.631822079596396 0.673686643126729 0.674722643495983 0.631356215678411 0.545559523758210 0.438501922425447 
0.518614380661787 0.392800118313117 0.316779368404644 0.299083838483543 0.306183739141420 0.315047174733494 0.318904260446138 0.326708366376816 0.356709303882461 0.424848030945889 0.523956652390646 0.614021211744641 0.665092775625696 0.670174696447573 0.629073224237024 0.545559523758211 
0.502385440623167 0.383030954016501 0.322271743432251 0.317363168871118 0.333861011065872 0.343866608894594 0.335665845669725 0.317838644420695 0.311390187403195 0.337564410580270 0.409873408513531 0.515547250528326 0.609691305525724 0.663028819624046 0.670174696447574 0.631356215678413 
0.510193844632128 0.395790666909849 0.344358341331353 0.354098951326885 0.391030248724167 0.415451630957033 0.404749890672165 0.364847256497059 0.323170610403263 0.307842438807710 0.334684899315202 0.409585766117512 0.515409094643192 0.609691305525724 0.665092775625696 0.674722643495985 
0.508762463506076 0.396963364698092 0.355918575602336 0.386840774538620 0.457278851557693 0.509282875891982 0.509752402160199 0.458456965029089 0.381950033409775 0.323238853727223 0.306192310451245 0.334885500491324 0.409585766117512 0.515547250528325 0.614021211744640 0.673686643126729 
0.479760204077829 0.373618915383348 0.346251921777478 0.401101695759590 0.510807944075013 0.593839325849016 0.614873393641334 0.574166305879501 0.484178931872132 0.384369896233545 0.321613656723840 0.306192310451246 0.334684899315203 0.409873408513530 0.523956652390642 0.631822079596393 
0.426319864326861 0.336388983753126 0.324270762671506 0.398947577126450 0.544698855380778 0.653751383580992 0.693958099565291 0.673890413910983 0.600613336556467 0.489359196618766 0.384369896233547 0.323238853727226 0.307842438807712 0.337564410580269 0.424848030945884 0.559132059608348 
0.367828434388690 0.304716890917255 0.308452528534380 0.398962650029978 0.569994883480770 0.693387639950676 0.744668017199813 0.740906900944070 0.691537481124225 0.600613336556468 0.484178931872135 0.381950033409779 0.323170610403266 0.311390187403195 0.356709303882455 0.478600704614530 
0.322901527039094 0.290850077814179 0.314484773509933 0.423965543370136 0.601467044380411 0.720296015485878 0.770759963042286 0.773910792606144 0.740906900944069 0.673890413910983 0.574166305879502 0.458456965029091 0.364847256497061 0.317838644420694 0.326708366376810 0.416199880590846 
0.301673280271620 0.302946692076357 0.355874528800283 0.485880379103601 0.641100494718171 0.734204292645864 0.770842750216189 0.770759963042283 0.744668017199808 0.693958099565286 0.614873393641330 0.509752402160196 0.404749890672162 0.335665845669721 0.318904260446132 0.378073181929703 
0.311761513353748 0.352177226517588 0.439721725625860 0.566537768886433 0.672127890863687 0.724025482238728 0.734204292645859 0.720296015485869 0.693387639950666 0.653751383580982 0.593839325849007 0.509282875891973 0.415451630957025 0.343866608894587 0.315047174733489 0.353909106535729 
0.362713418034150 0.443460653601693 0.542034523245670 0.627311329038564 0.672101138044508 0.672127890863680 0.641100494718157 0.601467044380394 0.569994883480753 0.544698855380763 0.510807944075001 0.457278851557683 0.391030248724158 0.333861011065865 0.306183739141419 0.337006027738205 
0.440638547454246 0.555152876896792 0.647380694410819 0.696638442696199 0.700995975197495 0.659524899276886 0.570909732173448 0.452011830888933 0.353589595087703 0.305805173665908 0.303277805168278 0.340710850384070 0.415995683027192 0.512182064024071 0.598460485495019 0.655063706398485 
0.352458498113773 0.444241188808461 0.557398825001301 0.647380694410818 0.694172903889542 0.695105349850010 0.648575775456486 0.555260195994266 0.439288395936698 0.350764372312298 0.308976270940446 0.305685578563679 0.334707499858253 0.394430439276548 0.479288345463980 0.571900865382374 
0.308321624759015 0.353425690142129 0.444241188808458 0.555152876896788 0.643199103925062 0.688602856788073 0.688327837050807 0.641688610372546 0.553006748282911 0.447690685145743 0.365636389478161 0.321117585093102 0.308416881503921 0.323182272961991 0.369260322470999 0.457088420236418 
0.308183695268890 0.308321624759015 0.352458498113770 0.440638547454240 0.549270471333837 0.637474693639881 0.684942940217439 0.688328681098844 0.648663324026354 0.571969541049580 0.476517375920260 0.390511702642886 0.332583632381417 0.306151898464449 0.312190895809685 0.364937521337546 
0.352075015530573 0.308809148361582 0.308077985828260 0.349677608297732 0.434453872877083 0.542903596347604 0.635574009391593 0.689124731027288 0.698833160174735 0.666444060681568 0.596003360121456 0.497619653925514 0.396831048415458 0.326486485592400 0.299103495956397 0.320844301925819 
0.440657156490567 0.354750568114825 0.310386513544682 0.307396000701654 0.345770243836117 0.429122955996293 0.543107507527192 0.644689358745560 0.703251727535351 0.713175532038054 0.676321740540803 0.593443160527363 0.474533515044642 0.364177958023111 0.307703222332575 0.309811865458459 
0.550030102827190 0.445861998154647 0.358324135007038 0.311366706515757 0.305859321652354 0.343480961908245 0.433327662933631 0.561530666680927 0.668899445431981 0.720232017826470 0.714416705832392 0.652294739546401 0.534722336838486 0.398730009611685 0.320528869530462 0.313004289663140 
0.637357662454361 0.555704424460551 0.448800251868788 0.357582709068468 0.308778094777198 0.304531038371204 0.350898944873550 0.463099877285295 0.606268570599904 0.698981815332778 0.721945939009661 0.677925466630538 0.566140392941275 0.417112437285173 0.327440568391234 0.318640777679743 
0.683756415175436 0.642744538698679 0.553845645438451 0.438857643359979 0.345561715873259 0.302071867355294 0.310345620631568 0.385247383714016 0.532818226450459 0.661087392982400 0.710588515108940 0.681313129310766 0.573696690506705 0.418167230873459 0.326199364284557 0.321643248887809 
0.691083020996119 0.692420194411153 0.637016179206349 0.530239109924282 0.405644674882213 0.322682706643311 0.299572460246834 0.341193381694592 0.468493979614493 0.618750049663808 0.690600590134056 0.673203072782564 0.568020652558906 0.409439826808267 0.320311625750313 0.321387291809849 
0.667393950137483 0.709910529410777 0.687756861705254 0.603518024937775 0.471278023897409 0.354308983056757 0.304103174011768 0.321656286181455 0.424827096601237 0.582446548968160 0.670638679222034 0.662956549191081 0.560442343521973 0.401135535114589 0.314828136578706 0.319023836777726 
0.624220539913042 0.704953241046011 0.711819371824539 0.649859963832536 0.524252545244867 0.385265824744708 0.313400143866389 0.314927360833479 0.400683361297639 0.557604725751764 0.656664011041610 0.657593004842012 0.560024843236253 0.401343092671224 0.313449380260728 0.315705872375731 
0.575260505222354 0.687063532347104 0.717657755114874 0.672994187842800 0.556290180653564 0.406638309522698 0.320738529615977 0.313024176347355 0.389262884457943 0.544496723391141 0.651177732859316 0.660616210245811 0.571387584641916 0.414621977741700 0.318380209593720 0.312424342539029 
0.530202676420309 0.663738369388694 0.712346737949215 0.679172551022401 0.568106029468193 0.414601542102047 0.323031776787891 0.311944577506493 0.384955230365339 0.540936468448013 0.653714029843437 0.671703230753509 0.593874189125144 0.441853694702997 0.330931862701099 0.310411722501121 
0.492795071613793 0.640610060704538 0.701495188170075 0.673954202413375 0.563727894202041 0.409966674534119 0.320314138937548 0.310776522164963 0.385285784447524 0.544720732085730 0.662167118143435 0.687722023688540 0.622327177123405 0.478879103573720 0.350769363231773 0.310837718558674 
0.468194867025604 0.624313489107765 0.690439085735197 0.662107754502620 0.547682208783625 0.396306745731479 0.314481732818529 0.310427404030666 0.390294172989703 0.554524318638090 0.674052506565191 0.704527779271962 0.649570225412740 0.516400699937871 0.374257246010174 0.313718705689088 
0.673042177432231 0.646064685963219 0.575900943943603 0.487289694265214 0.420345612683862 0.390055493391571 0.385562543583568 0.392953526870881 0.402519419218180 0.408716661805410 0.408950743206260 0.402348598016458 0.389194293366362 0.370950885577982 0.350227790262367 0.330208767062379 
0.646064685963220 0.680326676033967 0.670874712551392 0.630870206345405 0.583805351800425 0.549932979714125 0.536050823721968 0.538158738193718 0.547657076306935 0.556355940441576 0.558810095813533 0.552110099991198 0.534841179349973 0.506601546823650 0.468733760379093 0.425872703154175 
0.575900943943606 0.670874712551394 0.713044168155871 0.713034579449772 0.689435812621402 0.659984076621552 0.639309497191824 0.634215406008012 0.640972454595381 0.650926795379167 0.657022386086427 0.655749990079576 0.646132459791895 0.628270030983701 0.602631103209792 0.570575731423212 
0.487289694265218 0.630870206345408 0.713034579449773 0.735105055552748 0.716273652567672 0.676254670210701 0.641211794772716 0.629862188171867 0.639416407348104 0.656117553289280 0.669158607798945 0.674713052464275 0.673905209923420 0.669723275985903 0.664659380694660 0.659764096171124 
0.420345612683866 0.583805351800429 0.689435812621404 0.716273652567672 0.679587657431732 0.601567148502962 0.536303744771196 0.520005113304218 0.540918650190027 0.571979553291168 0.595243395605202 0.606803435702565 0.612053440846573 0.619316082934048 0.634603807091136 0.658668053371682 
0.390055493391573 0.549932979714128 0.659984076621554 0.676254670210702 0.601567148502962 0.464069875931129 0.376417185447766 0.365095403444667 0.394579984864465 0.432430318718024 0.457854982350238 0.466788623040829 0.469404440402951 0.480641792354505 0.511857445259201 0.565810200272198 
0.385562543583569 0.536050823721970 0.639309497191826 0.641211794772716 0.536303744771196 0.376417185447766 0.301913799613593 0.298185903040082 0.322963024085375 0.349451922878069 0.361305167489112 0.356262595852905 0.345696105015569 0.344287067492331 0.364474923033806 0.418530813346519 
0.392953526870882 0.538158738193720 0.634215406008013 0.629862188171867 0.520005113304217 0.365095403444667 0.298185903040082 0.297696311272733 0.323079412919968 0.348575945315685 0.356337071728859 0.342506365086375 0.318858817427098 0.300745178438845 0.298836609433745 0.323412574178890 
0.402519419218181 0.547657076306937 0.640972454595382 0.639416407348103 0.540918650190025 0.394579984864464 0.322963024085374 0.323079412919968 0.359396655066547 0.402525881212568 0.424147390510840 0.411639815262761 0.374081573030253 0.332141868461991 0.303214270837807 0.297462318723653 
0.408716661805413 0.556355940441579 0.650926795379168 0.656117553289279 0.571979553291165 0.432430318718021 0.349451922878068 0.348575945315686 0.402525881212570 0.476191976308310 0.526395386820111 0.532420527143435 0.495547052897639 0.431232088264097 0.366075878241573 0.323172525520098 
0.408950743206262 0.558810095813536 0.657022386086428 0.669158607798943 0.595243395605199 0.457854982350234 0.361305167489111 0.356337071728861 0.424147390510844 0.526395386820114 0.605571271759688 0.638030630318069 0.624255739329242 0.569687718076394 0.486467778542989 0.402182075147185 
0.402348598016462 0.552110099991202 0.655749990079577 0.674713052464274 0.606803435702561 0.466788623040823 0.356262595852903 0.342506365086377 0.411639815262766 0.532420527143439 0.638030630318071 0.696618556412327 0.709729107852679 0.682400181896947 0.617398286679417 0.522392671410706 
0.389194293366366 0.534841179349978 0.646132459791898 0.673905209923419 0.612053440846568 0.469404440402944 0.345696105015566 0.318858817427100 0.374081573030258 0.495547052897644 0.624255739329244 0.709729107852679 0.748455655089889 0.747348399048722 0.709183011895651 0.632590413063724 
0.370950885577986 0.506601546823656 0.628270030983704 0.669723275985903 0.619316082934043 0.480641792354497 0.344287067492327 0.300745178438846 0.332141868461994 0.431232088264100 0.569687718076394 0.682400181896946 0.747348399048721 0.770324886982481 0.756523348512053 0.704172196040747 
0.350227790262371 0.468733760379099 0.602631103209797 0.664659380694660 0.634603807091133 0.511857445259194 0.364474923033802 0.298836609433744 0.303214270837808 0.366075878241574 0.486467778542986 0.617398286679413 0.709183011895647 0.756523348512051 0.765921614297768 0.738082856476318 
0.330208767062381 0.425872703154181 0.570575731423218 0.659764096171126 0.658668053371680 0.565810200272193 0.418530813346515 0.323412574178889 0.297462318723653 0.323172525520097 0.402182075147180 0.522392671410696 0.632590413063715 0.704172196040742 0.738082856476316 0.737051640594735 
0.313478397386537 0.301245267500291 0.294555323818348 0.296760320954066 0.314523913406880 0.354229474435600 0.412677214840754 0.473226613313347 0.518132721238132 0.542146800128179 0.551419245442205 0.556835409736491 0.566621701641569 0.581088893362322 0.595312436389133 0.606485112801790 
0.385778901528969 0.356347944030744 0.344219619002230 0.356320939430721 0.399456048033425 0.470792369520482 0.545813208852553 0.598520717106412 0.621562306359386 0.620350219855477 0.608349051979643 0.604247578920881 0.620727893992332 0.652659869933086 0.682602850344519 0.699679425038688 
0.536042274558150 0.507574766683752 0.498007782752795 0.517886496648858 0.564809453091171 0.620012106814496 0.660959118371246 0.674857687898729 0.658754107323755 0.617363954291794 0.568998419882058 0.546282184326443 0.572554414661238 0.635940178587109 0.693378611815676 0.719807705282937 
0.655452435823788 0.653725052930156 0.659260609590955 0.675534491669063 0.698524472061610 0.716580338498463 0.716902161841378 0.689736462635884 0.628708205605796 0.536978767376117 0.445264158476117 0.402199392006452 0.436564252529522 0.544057361450605 0.646492061109412 0.686746116559078 
0.686981272484142 0.713411824471150 0.734789851734688 0.750119276184311 0.756472848964154 0.747444257812180 0.714605579009818 0.649349028108386 0.547631529834548 0.428080416666969 0.338062750663446 0.302283688638677 0.331072081837634 0.444820561605833 0.580008230820436 0.628690461183720 
0.632504387898086 0.693243772241545 0.735454202370711 0.755837130010144 0.752885341361190 0.722682658829962 0.659624016747566 0.562261729684929 0.446501764105907 0.349744247162971 0.294037243788519 0.277246220591683 0.307995322668389 0.413961503151954 0.546229796701261 0.586322650587221 
0.508927634213930 0.606555794870632 0.676432879996890 0.707322905907645 0.698260746344236 0.647417872312078 0.556523359981843 0.447540164229550 0.359106882141858 0.307772182133059 0.287731278663032 0.295693833240147 0.346196212055194 0.457166092983423 0.565273738876743 0.582494744455618 
0.386685760693506 0.483495219867117 0.570873419596068 0.612448570401569 0.598793281817851 0.531541981124318 0.432853899490142 0.350488093157423 0.306806369413142 0.294961003250756 0.308521457133958 0.352165377384952 0.436760244447045 0.546286888564603 0.614723563305642 0.601909260003623 
0.322877886377652 0.382001731481281 0.452419208792936 0.492686843178915 0.479598796731305 0.419296358225905 0.349226072539245 0.307102501993353 0.298567995052779 0.319272065299935 0.371433887557198 0.457137475355986 0.558376989308636 0.636309967787137 0.659710202099074 0.615503043370997 
0.312382166026170 0.333259576218475 0.372136131886188 0.400771439240009 0.397503429843448 0.366716681411540 0.335914797283817 0.328450336302124 0.351182987930094 0.407231016197874 0.494688333237279 0.590255011828152 0.663336139516777 0.696446315649615 0.679253888802093 0.603895918379516 
0.346740672432885 0.329348333226660 0.340315683000499 0.359829485547688 0.372081831349094 0.377827460793754 0.391189843563464 0.424516483834984 0.481759007511111 0.557296865080317 0.634527021763292 0.694508752123404 0.724894552412393 0.717991374005976 0.665269067672104 0.560209658649885 
0.423879804234424 0.358477842046528 0.337573144222184 0.347691127157968 0.375202793527563 0.418335865182435 0.478540761222846 0.548131073500263 0.616776659044167 0.677108597046090 0.722236989703809 0.745366698527198 0.740167058070312 0.699327897107793 0.614489968984515 0.488785235402920 
0.521889529578090 0.410438136383144 0.347596609869191 0.339658025230817 0.371955170891810 0.438801080173009 0.529440876403606 0.616878296060111 0.684153453666629 0.728521565174254 0.749656414606836 0.745099433553960 0.709912756202339 0.637766365371798 0.528165861278126 0.407254211015898 
0.606776925275689 0.473381141901655 0.365445850457555 0.328080764370176 0.348525282247825 0.416393408165646 0.517942980363678 0.615634761570689 0.683897102620523 0.719433537669158 0.723673505763851 0.695426543691731 0.631482141531087 0.533710047631629 0.424133460781660 0.341243509188145 
0.665035329073061 0.539228521082199 0.399368190834576 0.324914199245746 0.318881224722746 0.365014237174871 0.453812546187077 0.552871534278839 0.624154295186379 0.655167438308689 0.645345843880769 0.594937628499366 0.509423602661391 0.413091295704259 0.341237061249079 0.308246104384263 
0.695496956820967 0.601390384283338 0.463205323543872 0.354035809825471 0.312451992896793 0.323638408024317 0.376138656277520 0.452044584724312 0.515577409028947 0.540634984846255 0.520370438773139 0.461011386667155 0.386212127845995 0.328375522874652 0.303961879816727 0.315324187114478 
0.457306342994273 0.549966943600478 0.617522698037338 0.645353724810872 0.627311329038558 0.566537768886418 0.485880379103581 0.423965543370116 0.398962650029963 0.398947577126439 0.401101695759583 0.386840774538615 0.354098951326880 0.317363168871116 0.299083838483551 0.334683657720425 
0.568994541815523 0.629873086820359 0.647003189300301 0.617522698037335 0.542034523245662 0.439721725625847 0.355874528800271 0.314484773509925 0.308452528534377 0.324270762671506 0.346251921777482 0.355918575602341 0.344358341331358 0.322271743432259 0.316779368404665 0.369294767949572 
0.654534375877090 0.665287233126799 0.629873086820359 0.549966943600475 0.443460653601687 0.352177226517582 0.302946692076353 0.290850077814180 0.304716890917260 0.336388983753137 0.373618915383362 0.396963364698106 0.395790666909860 0.383030954016516 0.392800118313148 0.464609334017168 
0.694291702399181 0.654534375877092 0.568994541815525 0.457306342994273 0.362713418034148 0.311761513353747 0.301673280271621 0.322901527039100 0.367828434388702 0.426319864326879 0.479760204077846 0.508762463506086 0.510193844632129 0.502385440623164 0.518614380661790 0.580983989484250 
0.689658802577562 0.601325598834959 0.476501057644489 0.369912126911922 0.315324187114478 0.308246104384263 0.341243509188148 0.407254211015906 0.488785235402934 0.560209658649898 0.603895918379523 0.615503043370990 0.601909260003599 0.582494744455578 0.586322650587177 0.628690461183689 
0.648534629039768 0.518908722081907 0.386953479895111 0.315972505568664 0.303961879816726 0.341237061249077 0.424133460781661 0.528165861278132 0.614489968984524 0.665269067672110 0.679253888802091 0.659710202099054 0.614723563305595 0.565273738876666 0.546229796701171 0.580008230820363 
0.582475175504450 0.435937326883438 0.332020102661883 0.300620233263573 0.328375522874648 0.413091295704253 0.533710047631627 0.637766365371801 0.699327897107798 0.717991374005980 0.696446315649611 0.636309967787114 0.546286888564546 0.457166092983335 0.413961503151858 0.444820561605750 
0.505819032788335 0.377563864966772 0.313302278847369 0.317602016132605 0.386212127845988 0.509423602661384 0.631482141531083 0.709912756202341 0.740167058070317 0.724894552412400 0.663336139516782 0.558376989308628 0.436760244447016 0.346196212055155 0.307995322668353 0.331072081837608 
0.432779956814243 0.345459648653043 0.318768066942918 0.356222438930119 0.461011386667146 0.594937628499360 0.695426543691729 0.745099433553964 0.745366698527207 0.694508752123420 0.590255011828173 0.457137475356000 0.352165377384952 0.295693833240142 0.277246220591681 0.302283688638688 
0.378127470353743 0.331905427238529 0.333822777427571 0.396462674373879 0.520370438773131 0.645345843880764 0.723673505763851 0.749656414606842 0.722236989703823 0.634527021763318 0.494688333237312 0.371433887557220 0.308521457133966 0.287731278663036 0.294037243788529 0.338062750663475 
0.357274086474439 0.332860475935293 0.345491797817191 0.415626626089841 0.540634984846248 0.655167438308685 0.719433537669158 0.728521565174261 0.677108597046107 0.557296865080345 0.407231016197902 0.319272065299949 0.294961003250760 0.307772182133060 0.349744247162981 0.428080416667000 
0.381831538751172 0.350989598767207 0.349503325659829 0.404012442990488 0.515577409028940 0.624154295186374 0.683897102620523 0.684153453666635 0.616776659044182 0.481759007511133 0.351182987930109 0.298567995052782 0.306806369413136 0.359106882141848 0.446501764105906 0.547631529834564 
0.454130287616137 0.393532839542955 0.353462270995119 0.370746261591446 0.452044584724305 0.552871534278833 0.615634761570687 0.616878296060115 0.548131073500272 0.424516483834995 0.328450336302127 0.307102501993346 0.350488093157405 0.447540164229528 0.562261729684918 0.649349028108386 
0.548450991067676 0.459843625707307 0.370481331944466 0.338994502128627 0.376138656277515 0.453812546187071 0.517942980363675 0.529440876403607 0.478540761222850 0.391189843563467 0.335914797283813 0.349226072539230 0.432853899490116 0.556523359981818 0.659624016747552 0.714605579009812 
0.626939493032417 0.534809957327629 0.410396081445556 0.330941394967985 0.323638408024315 0.365014237174867 0.416393408165644 0.438801080173009 0.418335865182436 0.377827460793753 0.366716681411534 0.419296358225890 0.531541981124297 0.647417872312060 0.722682658829950 0.747444257812172 
0.673988303089311 0.601904865983873 0.476443154443143 0.360190498250180 0.312451992896795 0.318881224722745 0.348525282247824 0.371955170891810 0.375202793527564 0.372081831349095 0.397503429843446 0.479598796731298 0.598793281817840 0.698260746344226 0.752885341361182 0.756472848964146 
0.469435056508985 0.624043386486107 0.684643206055614 0.647939300172845 0.524486967422186 0.378144126917413 0.307899413059659 0.312394088236477 0.401172874527284 0.569477650275931 0.687099311783776 0.718429016916212 0.669321624277556 0.544098277756754 0.394288904109975 0.317061547530702 
0.512363985483209 0.646116114229981 0.687395184626379 0.634843609210375 0.498779832673659 0.359735403135200 0.302521597678334 0.317858468399274 0.418750140554709 0.588189937355309 0.699191410646329 0.726621254363725 0.677327750307071 0.554560216416286 0.402909135910892 0.317537045033491 
0.591987895439941 0.683124315475044 0.696108819183885 0.624255081261353 0.475163112331750 0.344434762750109 0.299572846371163 0.327083907404665 0.442076204865160 0.608150813221423 0.708187364179009 0.726958635431756 0.670815448974067 0.543746197038866 0.395408066696609 0.313059823135884 
0.663924864118114 0.713742845461135 0.702791874235229 0.615431788333834 0.457338363683513 0.334342369834591 0.299511454997317 0.339169150606165 0.467914456712279 0.626152709366742 0.712105875285789 0.717839454322034 0.648030633762008 0.510984459470903 0.373389040231613 0.305533809050592 
0.686746116559062 0.719807705282929 0.699679425038679 0.606485112801774 0.446801658270808 0.330041895554413 0.302117971106465 0.352416158568892 0.492046724592866 0.639505796268335 0.709695941659435 0.698612817821491 0.609061973099772 0.461390682360306 0.345108824686022 0.301224918148119 
0.646492061109372 0.693378611815659 0.682602850344511 0.595312436389124 0.442170262504091 0.330537347627014 0.306634307144304 0.365104485216828 0.511443687484469 0.647080595553208 0.701049957954540 0.670436122194645 0.557886880597439 0.408015092333450 0.321645189543223 0.307659617577946 
0.544057361450561 0.635940178587098 0.652659869933088 0.581088893362326 0.440345068664997 0.333672203919159 0.311902973389132 0.376010577455025 0.525259716107210 0.649515602046653 0.687891153778281 0.637006779248189 0.503418778851117 0.365135423653255 0.310258929131590 0.328349034055653 
0.436564252529519 0.572554414661254 0.620727893992352 0.566621701641588 0.438829446114196 0.336990242633132 0.316601152142855 0.384555247800084 0.534445815947747 0.648753805846878 0.673264396629473 0.604155603658196 0.456724249756622 0.338504910778093 0.311109248494449 0.359336855292910 
0.402199392006490 0.546282184326488 0.604247578920919 0.556835409736523 0.436194883469710 0.338349453872317 0.319669796853079 0.391033142385375 0.541107540547346 0.647329670931584 0.660478170691060 0.577433044343183 0.424682198613711 0.325877889830816 0.319419709847009 0.391263138790881 
0.445264158476173 0.568998419882113 0.608349051979685 0.551419245442239 0.429875891564963 0.336001394316535 0.320923651803574 0.397148155387018 0.548186608243934 0.647702144611453 0.651775676004198 0.559205546807470 0.406557222394240 0.321800906960227 0.329182249415059 0.415728857339986 
0.536978767376165 0.617363954291836 0.620350219855511 0.542146800128205 0.415728857340006 0.329182249415063 0.321800906960215 0.406557222394209 0.559205546807441 0.651775676004188 0.647702144611463 0.548186608243963 0.397148155387047 0.320923651803584 0.336001394316528 0.429875891564938 
0.628708205605821 0.658754107323778 0.621562306359405 0.518132721238146 0.391263138790893 0.319419709847010 0.325877889830804 0.424682198613681 0.577433044343157 0.660478170691051 0.647329670931593 0.541107540547371 0.391033142385398 0.319669796853087 0.338349453872309 0.436194883469686 
0.689736462635891 0.674857687898735 0.598520717106415 0.473226613313348 0.359336855292915 0.311109248494449 0.338504910778083 0.456724249756597 0.604155603658176 0.673264396629466 0.648753805846884 0.534445815947765 0.384555247800101 0.316601152142859 0.336990242633125 0.438829446114177 
0.716902161841374 0.660959118371240 0.545813208852542 0.412677214840745 0.328349034055654 0.310258929131589 0.365135423653249 0.503418778851101 0.637006779248177 0.687891153778276 0.649515602046655 0.525259716107220 0.376010577455034 0.311902973389134 0.333672203919155 0.440345068664986 
0.716580338498453 0.620012106814481 0.470792369520464 0.354229474435590 0.307659617577946 0.321645189543225 0.408015092333451 0.557886880597434 0.670436122194639 0.701049957954537 0.647080595553207 0.511443687484471 0.365104485216831 0.306634307144305 0.330537347627013 0.442170262504089 
0.698524472061598 0.564809453091151 0.399456048033408 0.314523913406874 0.301224918148121 0.345108824686028 0.461390682360313 0.609061973099774 0.698612817821490 0.709695941659432 0.639505796268330 0.492046724592861 0.352416158568890 0.302117971106465 0.330041895554416 0.446801658270813 
0.313478397386538 0.385778901528974 0.536042274558157 0.655452435823791 0.686981272484143 0.632504387898084 0.508927634213929 0.386685760693507 0.322877886377654 0.312382166026170 0.346740672432880 0.423879804234414 0.521889529578079 0.606776925275681 0.665035329073058 0.695496956820967 
0.301245267500292 0.356347944030748 0.507574766683759 0.653725052930160 0.713411824471152 0.693243772241546 0.606555794870634 0.483495219867122 0.382001731481286 0.333259576218478 0.329348333226658 0.358477842046522 0.410438136383135 0.473381141901648 0.539228521082198 0.601390384283342 
0.294555323818348 0.344219619002233 0.498007782752799 0.659260609590958 0.734789851734689 0.735454202370713 0.676432879996893 0.570873419596074 0.452419208792944 0.372136131886194 0.340315683000501 0.337573144222183 0.347596609869187 0.365445850457553 0.399368190834579 0.463205323543880 
0.296760320954066 0.356320939430721 0.517886496648859 0.675534491669064 0.750119276184312 0.755837130010145 0.707322905907648 0.612448570401575 0.492686843178924 0.400771439240017 0.359829485547692 0.347691127157969 0.339658025230817 0.328080764370176 0.324914199245748 0.354035809825479 
0.314523913406879 0.399456048033422 0.564809453091169 0.698524472061610 0.756472848964154 0.752885341361190 0.698260746344237 0.598793281817854 0.479598796731311 0.397503429843454 0.372081831349097 0.375202793527563 0.371955170891808 0.348525282247823 0.318881224722746 0.312451992896797 
0.354229474435595 0.470792369520476 0.620012106814492 0.716580338498461 0.747444257812179 0.722682658829961 0.647417872312076 0.531541981124317 0.419296358225906 0.366716681411542 0.377827460793754 0.418335865182433 0.438801080173005 0.416393408165641 0.365014237174866 0.323638408024315 
0.412677214840746 0.545813208852546 0.660959118371243 0.716902161841377 0.714605579009817 0.659624016747563 0.556523359981837 0.432853899490136 0.349226072539242 0.335914797283817 0.391189843563464 0.478540761222843 0.529440876403600 0.517942980363671 0.453812546187069 0.376138656277515 
0.473226613313340 0.598520717106408 0.674857687898730 0.689736462635886 0.649349028108387 0.562261729684926 0.447540164229543 0.350488093157418 0.307102501993351 0.328450336302125 0.424516483834985 0.548131073500262 0.616878296060107 0.615634761570683 0.552871534278831 0.452044584724305 
0.518132721238128 0.621562306359388 0.658754107323762 0.628708205605806 0.547631529834555 0.446501764105907 0.359106882141854 0.306806369413140 0.298567995052780 0.351182987930098 0.481759007511115 0.616776659044169 0.684153453666628 0.683897102620520 0.624154295186374 0.515577409028942 
0.542146800128179 0.620350219855485 0.617363954291810 0.536978767376138 0.428080416666983 0.349744247162975 0.307772182133059 0.294961003250757 0.319272065299939 0.407231016197882 0.557296865080324 0.677108597046094 0.728521565174255 0.719433537669156 0.655167438308686 0.540634984846252 
0.551419245442208 0.608349051979655 0.568998419882083 0.445264158476145 0.338062750663460 0.294037243788523 0.287731278663032 0.308521457133959 0.371433887557204 0.494688333237289 0.634527021763299 0.722236989703813 0.749656414606837 0.723673505763850 0.645345843880768 0.520370438773137 
0.556835409736494 0.604247578920895 0.546282184326467 0.402199392006478 0.302283688638685 0.277246220591683 0.295693833240143 0.352165377384948 0.457137475355987 0.590255011828156 0.694508752123409 0.745366698527200 0.745099433553961 0.695426543691730 0.594937628499365 0.461011386667152 
0.566621701641569 0.620727893992339 0.572554414661253 0.436564252529536 0.331072081837633 0.307995322668378 0.346196212055177 0.436760244447030 0.558376989308630 0.663336139516777 0.724894552412394 0.740167058070314 0.709912756202340 0.631482141531086 0.509423602661389 0.386212127845992 
0.581088893362316 0.652659869933087 0.635940178587113 0.544057361450603 0.444820561605815 0.413961503151925 0.457166092983391 0.546286888564580 0.636309967787126 0.696446315649612 0.717991374005978 0.699327897107796 0.637766365371801 0.533710047631630 0.413091295704257 0.328375522874650 
0.595312436389123 0.682602850344515 0.693378611815674 0.646492061109406 0.580008230820418 0.546229796701234 0.565273738876717 0.614723563305624 0.659710202099066 0.679253888802092 0.665269067672107 0.614489968984520 0.528165861278130 0.424133460781661 0.341237061249078 0.303961879816726 
0.606485112801778 0.699679425038682 0.719807705282936 0.686746116559076 0.628690461183713 0.586322650587207 0.582494744455604 0.601909260003614 0.615503043370994 0.603895918379519 0.560209658649891 0.488785235402927 0.407254211015903 0.341243509188147 0.308246104384263 0.315324187114477 
0.693328899375862 0.647454865642256 0.551873604450083 0.437697092450617 0.360190498250175 0.330941394967983 0.338994502128628 0.370746261591449 0.404012442990493 0.415626626089846 0.396462674373884 0.356222438930123 0.317602016132607 0.300620233263573 0.315972505568662 0.369912126911920 
0.647454865642260 0.660023799184111 0.628096373727409 0.558133875165999 0.476443154443134 0.410396081445549 0.370481331944462 0.353462270995118 0.349503325659829 0.345491797817192 0.333822777427571 0.318768066942917 0.313302278847366 0.332020102661878 0.386953479895105 0.476501057644484 
0.551873604450094 0.628096373727416 0.660880323654462 0.648302949725123 0.601904865983866 0.534809957327622 0.459843625707301 0.393532839542951 0.350989598767205 0.332860475935291 0.331905427238526 0.345459648653038 0.377563864966765 0.435937326883428 0.518908722081898 0.601325598834954 
0.437697092450631 0.558133875166012 0.648302949725129 0.684059079537789 0.673988303089308 0.626939493032414 0.548450991067673 0.454130287616136 0.381831538751173 0.357274086474440 0.378127470353742 0.432779956814238 0.505819032788327 0.582475175504442 0.648534629039762 0.689658802577559 
0.360190498250186 0.476443154443149 0.601904865983876 0.673988303089312 0.691079168406111 0.662216856062871 0.591883602947748 0.493083026085953 0.412494266023659 0.396844086544309 0.449787703794379 0.539963641019613 0.625730813404056 0.688917062677073 0.724768856210834 0.727972498856615 
0.330941394967988 0.410396081445561 0.534809957327634 0.626939493032420 0.662216856062873 0.645144557047149 0.581250352183947 0.487627543514623 0.417382851993618 0.421985800301450 0.503297014425288 0.609239421762312 0.690875714897395 0.738105563075393 0.750967184970919 0.724768856210837 
0.338994502128628 0.370481331944469 0.459843625707311 0.548450991067679 0.591883602947748 0.581250352183945 0.521885428536853 0.440021033506943 0.390713054209131 0.414906208578087 0.512241913326536 0.624743716283686 0.703206699915892 0.740810620821583 0.738105563075393 0.688917062677077 
0.370746261591447 0.353462270995121 0.393532839542957 0.454130287616140 0.493083026085950 0.487627543514615 0.440021033506937 0.381081255442221 0.353845971576678 0.384887311552450 0.478835227247720 0.590626980216467 0.669255993522106 0.703206699915890 0.690875714897394 0.625730813404059 
0.404012442990491 0.349503325659831 0.350989598767208 0.381831538751172 0.412494266023651 0.417382851993604 0.390713054209118 0.353845971576671 0.335447923024123 0.354731884980494 0.421571788926803 0.515083906913407 0.590626980216463 0.624743716283680 0.609239421762307 0.539963641019613 
0.415626626089845 0.345491797817193 0.332860475935293 0.357274086474438 0.396844086544298 0.421985800301431 0.414906208578068 0.384887311552438 0.354731884980488 0.344902400368744 0.368569448937468 0.421571788926799 0.478835227247710 0.512241913326524 0.503297014425277 0.449787703794375 
0.396462674373884 0.333822777427573 0.331905427238528 0.378127470353740 0.449787703794369 0.503297014425269 0.512241913326517 0.478835227247705 0.421571788926795 0.368569448937467 0.344902400368744 0.354731884980490 0.384887311552441 0.414906208578073 0.421985800301437 0.396844086544302 
0.356222438930122 0.318768066942919 0.345459648653043 0.432779956814240 0.539963641019608 0.609239421762302 0.624743716283675 0.590626980216458 0.515083906913403 0.421571788926800 0.354731884980492 0.335447923024122 0.353845971576671 0.390713054209119 0.417382851993606 0.412494266023653 
0.317602016132607 0.313302278847369 0.377563864966771 0.505819032788333 0.625730813404056 0.690875714897391 0.703206699915887 0.669255993522103 0.590626980216464 0.478835227247717 0.384887311552448 0.353845971576676 0.381081255442218 0.440021033506935 0.487627543514614 0.493083026085948 
0.300620233263573 0.332020102661882 0.435937326883436 0.582475175504448 0.688917062677075 0.738105563075392 0.740810620821581 0.703206699915891 0.624743716283685 0.512241913326535 0.414906208578085 0.390713054209128 0.440021033506939 0.521885428536849 0.581250352183943 0.591883602947746 
0.315972505568662 0.386953479895108 0.518908722081905 0.648534629039767 0.724768856210836 0.750967184970918 0.738105563075393 0.690875714897395 0.609239421762313 0.503297014425287 0.421985800301448 0.417382851993614 0.487627543514619 0.581250352183944 0.645144557047148 0.662216856062871 
0.369912126911920 0.476501057644486 0.601325598834958 0.689658802577562 0.727972498856615 0.724768856210835 0.688917062677075 0.625730813404059 0.539963641019616 0.449787703794381 0.396844086544308 0.412494266023658 0.493083026085951 0.591883602947747 0.662216856062871 0.691079168406111 
