0.036376810928921 0.057561161812261 0.121509124924786 0.216994649748298 0.274393615416417 0.281226925399386 0.263988824041241 0.243921431263947 0.232454364136205 0.226601999078814 0.207310246061180 0.151369447783633 0.078761482817554 0.033699730804047 0.017010746120378 0.021492135452664 
0.057561161812260 0.049606627867270 0.071876266591509 0.129712683179268 0.199132506031094 0.241650046136909 0.253585231708718 0.251875943140133 0.248218202706227 0.243829435039811 0.228633173093968 0.181841105979226 0.107135254559473 0.049395659029221 0.024002400544740 0.025876412924338 
0.121509124924783 0.071876266591506 0.052252221655376 0.063384340224525 0.096937852732487 0.140567460090535 0.184040904076371 0.221558651954627 0.248317356460437 0.260670197584834 0.259141921982907 0.235563735509270 0.172681288175307 0.092110442074529 0.042079330485216 0.031753653721889 
0.216994649748294 0.129712683179262 0.063384340224522 0.038951735760236 0.041080447246814 0.059360966606201 0.093419086435549 0.147723958517959 0.213555479888583 0.260096748930781 0.277116423449813 0.275641421616395 0.245195382416990 0.162481961884636 0.075312622612987 0.041085588718586 
0.274393615416413 0.199132506031086 0.096937852732482 0.041080447246812 0.023502734114543 0.024779741090205 0.040272940550219 0.077659575690959 0.147735779687276 0.229385560600235 0.274843990928842 0.289045544551266 0.284341168904503 0.229924595650253 0.118645283881918 0.053990463440547 
0.281226925399384 0.241650046136903 0.140567460090527 0.059360966606198 0.024779741090204 0.015152478558606 0.018765173530012 0.037660335108826 0.085414400456832 0.170642467623985 0.249884139518871 0.284912042465455 0.294325738552395 0.265483146959216 0.156448010445399 0.066796144656604 
0.263988824041241 0.253585231708715 0.184040904076366 0.093419086435546 0.040272940550218 0.018765173530011 0.013593999824342 0.020521708414505 0.047067916796652 0.110254569353635 0.203717966051334 0.267642214893116 0.290712367458081 0.275461786150127 0.178221788174109 0.075425591209635 
0.243921431263949 0.251875943140134 0.221558651954625 0.147723958517957 0.077659575690958 0.037660335108826 0.020521708414505 0.017843940881172 0.030439113870515 0.070962236781105 0.152731640887652 0.238106542829568 0.278130782716732 0.271188625276398 0.184499219819640 0.079097410941308 
0.232454364136206 0.248218202706229 0.248317356460437 0.213555479888583 0.147735779687277 0.085414400456833 0.047067916796653 0.030439113870516 0.031695445355524 0.056605616679714 0.119341653910753 0.205751126763611 0.258534821039716 0.259385715291630 0.183354066753959 0.081124869280893 
0.226601999078815 0.243829435039812 0.260670197584835 0.260096748930783 0.229385560600237 0.170642467623987 0.110254569353637 0.070962236781106 0.056605616679715 0.068819294704688 0.115284319570136 0.188052234262438 0.241511645976280 0.249622712956036 0.186999638094972 0.087427461126811 
0.207310246061179 0.228633173093969 0.259141921982909 0.277116423449814 0.274843990928843 0.249884139518872 0.203717966051336 0.152731640887654 0.119341653910754 0.115284319570137 0.144170770935201 0.195455829963530 0.238665354013617 0.252284376240557 0.205393614545299 0.103363237436590 
0.151369447783629 0.181841105979226 0.235563735509271 0.275641421616396 0.289045544551267 0.284912042465455 0.267642214893116 0.238106542829569 0.205751126763612 0.188052234262439 0.195455829963530 0.221985305131651 0.251604117279133 0.269231574147778 0.237918081975849 0.128751393000308 
0.078761482817550 0.107135254559473 0.172681288175308 0.245195382416992 0.284341168904503 0.294325738552395 0.290712367458081 0.278130782716732 0.258534821039717 0.241511645976281 0.238665354013618 0.251604117279133 0.273965830751767 0.294032801164592 0.270782005277028 0.151413375920917 
0.033699730804046 0.049395659029221 0.092110442074530 0.162481961884637 0.229924595650252 0.265483146959215 0.275461786150126 0.271188625276396 0.259385715291630 0.249622712956035 0.252284376240557 0.269231574147778 0.294032801164592 0.312179982261080 0.278273392823724 0.147613270780012 
0.017010746120378 0.024002400544740 0.042079330485217 0.075312622612987 0.118645283881917 0.156448010445397 0.178221788174106 0.184499219819637 0.183354066753957 0.186999638094971 0.205393614545297 0.237918081975848 0.270782005277028 0.278273392823724 0.217750955241743 0.103942678093366 
0.021492135452664 0.025876412924338 0.031753653721890 0.041085588718587 0.053990463440547 0.066796144656603 0.075425591209634 0.079097410941306 0.081124869280891 0.087427461126810 0.103363237436589 0.128751393000308 0.151413375920916 0.147613270780011 0.103942678093366 0.051936883687276 
0.059893985517567 0.167012082318237 0.277024703922990 0.290005058268025 0.274314573662179 0.238790211851155 0.148548036504859 0.062060433243637 0.027436169249026 0.030433620355617 0.076989303278705 0.185927815522782 0.268330579439279 0.285127890651699 0.271833674031220 0.194623375282202 
0.066802684152930 0.179434888145450 0.281447870439965 0.288189509519225 0.269123896007327 0.223612055746217 0.124214299309615 0.049104081353791 0.023820912177007 0.033234865750229 0.089683655324031 0.206698966036332 0.274975589622694 0.284153173947096 0.265072311683485 0.180042776502236 
0.064679893989508 0.165654542231777 0.268825821447288 0.283877393553738 0.268116436328897 0.219911875424197 0.116881041363272 0.045422585140557 0.023753490515852 0.037618544019714 0.103161135608917 0.224547916442470 0.279738877905624 0.282133330256873 0.254558070917561 0.160281738699682 
0.057833357563443 0.137298879489055 0.244219948690215 0.278021288442539 0.271505587097968 0.228556713632559 0.125177113216225 0.049275588934106 0.026387742619072 0.042677439089630 0.115086343477763 0.236761085152877 0.282195449127156 0.279255143397119 0.241832754554803 0.139661260504328 
0.051101701477863 0.107231827609701 0.211432153204305 0.269368633157526 0.276560486661922 0.245047721428134 0.146502848840975 0.059700294386793 0.031210545097782 0.047628843027586 0.123759367709011 0.243075189132245 0.282603549442905 0.275811589296301 0.229075248946936 0.122188238523763 
0.046181587521961 0.082607547744425 0.176684915919702 0.257526310924462 0.280226434965244 0.262504288202616 0.175864455503445 0.075374478056373 0.037644848870265 0.051867574266342 0.128608422917997 0.244953366960676 0.281717793172664 0.272417579925857 0.219006143893330 0.110665902917370 
0.042692454597815 0.065237503478242 0.146988592626220 0.244157503535404 0.281242715495842 0.275663415980674 0.204910201372406 0.093115490817235 0.044485813534551 0.054735480289486 0.129694118616557 0.244175696691353 0.280592110799218 0.270181652640993 0.214618451575892 0.107213967229753 
0.040256910303538 0.054358671339072 0.125949188527013 0.231909817396848 0.280232008727269 0.282928617142658 0.225733223059864 0.108033697173076 0.049787710756988 0.055301362613436 0.126743198280556 0.241545126631548 0.280272051563181 0.270427361181958 0.218355323062716 0.114318507634148 
0.039490296919181 0.048749402119210 0.113641375858034 0.223015669369259 0.278454848705846 0.285202018114300 0.235274444390349 0.115939079583735 0.051691489597604 0.052594781290319 0.118583119524091 0.235584105493067 0.281063985020913 0.273897386213394 0.230753290959029 0.135236018732558 
0.041873251624321 0.047645270733719 0.108901081063265 0.218702664468216 0.276664314943900 0.283563748101650 0.234410373352450 0.115693848702249 0.049693722875684 0.046351114399626 0.103723146975637 0.221458951094238 0.281306398433994 0.280002514307201 0.249176102396662 0.171632063495948 
0.048776805778611 0.050613916808180 0.110613515332587 0.219346320591424 0.275027960418595 0.278602943378680 0.226025089176346 0.109960258690809 0.045308660677526 0.037746082548220 0.082337964404627 0.192247455975696 0.275513074522674 0.286366541886338 0.268181220121437 0.217135283738785 
0.059471563008549 0.056599753806463 0.117502316372302 0.224817332174504 0.274022980351416 0.271802940716541 0.215561042765466 0.104540565778940 0.041692822301889 0.029394403929505 0.058278672318919 0.146271724209042 0.252143543361659 0.287268602618167 0.282329370506666 0.256661591727818 
0.068333078949206 0.062506925834084 0.126869912522507 0.234207544874404 0.275010047339309 0.266632320286062 0.210813193247078 0.106947396475110 0.043077149063499 0.024602932194071 0.037935725596114 0.094754067754315 0.197955325167641 0.269546582886874 0.286641237840017 0.279817777562491 
0.065806658011398 0.063292690245971 0.133361694030187 0.244567795254306 0.279232295628180 0.266870900288092 0.218182470006535 0.125257652690024 0.055607039535648 0.027397355822756 0.026602027008956 0.054252596421877 0.124003175716590 0.215161940498396 0.269745261757265 0.285286565595165 
0.049093896057516 0.055995345909885 0.129750160624289 0.248865472801623 0.285517449806841 0.273385963179297 0.237763114205888 0.165304479700140 0.089567755404155 0.045213754101354 0.028469740657256 0.033567775423243 0.066070879757601 0.133177330535937 0.213839682524327 0.266319228709209 
0.030389912981288 0.043633301318543 0.110905984496242 0.233681589419990 0.286923092427961 0.282335043601824 0.261400140224489 0.219711555601239 0.154769104386894 0.092452238939505 0.051819003481763 0.034262634785758 0.038576072684332 0.068904028096707 0.130319098863572 0.207868814810619 
0.083082517888395 0.034063497120108 0.029854289673606 0.057310443425804 0.109883666982369 0.148733967039018 0.152146006725183 0.140784432574173 0.141032576360530 0.164496129148904 0.205457033282747 0.245184050397550 0.270655413657076 0.281518902244462 0.278024737124286 0.250272747345940 
0.076510629903774 0.036781346206855 0.046856514123613 0.109429810809853 0.207044231041992 0.250049965174558 0.241772140899004 0.223242556708284 0.220625930874028 0.239564596070399 0.266506077601750 0.285386794516065 0.292826375883280 0.288396238699149 0.260811125058654 0.196519891275643 
0.068326805508722 0.040352869932118 0.068930662664905 0.170567475564372 0.277353854705502 0.291814798265794 0.269188349590872 0.247335576748876 0.241747906582472 0.255479212454918 0.277733210925661 0.294030038502324 0.295756850357444 0.271875086130695 0.209053430665428 0.127189879549662 
0.059429123667349 0.041210692264506 0.081851151864281 0.200352594409604 0.290201436498058 0.286221717813722 0.256819374716855 0.229553548357502 0.213653091591718 0.215952200527012 0.232458485541402 0.245978951459349 0.235196212048301 0.187006468958172 0.119615450682529 0.070817638536154 
0.051185571870569 0.038226448656920 0.080406056128435 0.196531643531037 0.280376161144437 0.273341106184846 0.239595969822272 0.199519623361152 0.159619237594896 0.133403810463947 0.123690672559445 0.118548195580663 0.103800348865308 0.077283441931341 0.052954390062072 0.047081575895143 
0.045151617110939 0.033253681838632 0.069862355124036 0.175277033513874 0.268180601224694 0.269234074614133 0.235145858022098 0.184513018390023 0.124456816746710 0.078563573818438 0.054583198818420 0.043064803211836 0.034889922473328 0.028205517755662 0.029376206702553 0.052954390062071 
0.042782450172042 0.028687784230452 0.056575002726356 0.147419966816019 0.255998305323904 0.274859289714557 0.248071170432282 0.198551525009166 0.129606424758581 0.069574920151108 0.035706261086250 0.020419128691806 0.014332738788670 0.014736305554232 0.028205517755661 0.077283441931340 
0.045879786484019 0.026328710285114 0.043827056373823 0.115758319416761 0.233606576568593 0.280477782556589 0.269448945814668 0.234311166372766 0.173134205441233 0.100416426061054 0.048463906491386 0.022425712010017 0.012705877079213 0.014332738788670 0.034889922473328 0.103800348865307 
0.057746436893217 0.028273016655225 0.033645208342588 0.082076110550870 0.188057924595863 0.269250275322971 0.283594722252688 0.269169625846583 0.233800818789186 0.167970799147906 0.093414592579691 0.044110493804404 0.022425712010017 0.020419128691806 0.043064803211836 0.118548195580663 
0.084300726115503 0.038605955999042 0.029203469642160 0.053118450157765 0.125390293074106 0.223238307072796 0.274822540208201 0.284742669540693 0.275518070130211 0.241300819439909 0.170185029892635 0.093414592579691 0.048463906491386 0.035706261086251 0.054583198818420 0.123690672559445 
0.132169441065582 0.065098072681634 0.035637448583257 0.036870299416879 0.071852905770875 0.146180154221371 0.227143237794787 0.272727515467819 0.286920833939533 0.279709704555385 0.241300819439909 0.167970799147907 0.100416426061055 0.069574920151108 0.078563573818438 0.133403810463947 
0.196861497229436 0.117683343258070 0.061375980439871 0.038220048502534 0.043509010795595 0.079441076553711 0.147128846832145 0.223140917503608 0.271512102257598 0.286920833939533 0.275518070130211 0.233800818789187 0.173134205441235 0.129606424758583 0.124456816746711 0.159619237594897 
0.252387187258114 0.192353663324961 0.116939539979292 0.063316209764768 0.041021857502395 0.045971971419310 0.079594474017789 0.145172828135366 0.223140917503608 0.272727515467819 0.284742669540693 0.269169625846584 0.234311166372768 0.198551525009167 0.184513018390024 0.199519623361153 
0.280633994403475 0.254440107975282 0.195707460241537 0.120524238271343 0.065769295322832 0.042289605026112 0.046236952787981 0.079594474017789 0.147128846832144 0.227143237794786 0.274822540208200 0.283594722252688 0.269448945814668 0.248071170432283 0.235145858022098 0.239595969822272 
0.285098376214353 0.282719967711630 0.257785562111885 0.199626868466800 0.123203027407597 0.066709981967554 0.042289605026112 0.045971971419309 0.079441076553710 0.146180154221369 0.223238307072794 0.269250275322969 0.280477782556589 0.274859289714557 0.269234074614133 0.273341106184846 
0.263470987793646 0.285325643570245 0.284129238921373 0.259642142154836 0.201097844907988 0.123203027407598 0.065769295322833 0.041021857502395 0.043509010795595 0.071852905770873 0.125390293074103 0.188057924595860 0.233606576568590 0.255998305323903 0.268180601224694 0.280376161144438 
0.186560474869298 0.107935411812621 0.054757417796488 0.035497878872776 0.041328051224881 0.067023194484363 0.108497877476858 0.157488209993966 0.203411562970404 0.235831224359469 0.246356076966336 0.228696762418302 0.177197407491441 0.111888312101876 0.064855560525911 0.040840834502644 
0.117654942621227 0.064429079879920 0.045155607732563 0.054757417796488 0.092578365190136 0.154082024930103 0.214656322016364 0.249352927653423 0.260633584620217 0.260560480392755 0.256196798768090 0.246477885902517 0.222147207640478 0.179142265633070 0.129405995283895 0.086403073060483 
0.071530787632184 0.052453683823392 0.064429079879920 0.107935411812621 0.179374261806821 0.246960412751066 0.280372594362240 0.284441616127074 0.272851034037379 0.257095548457560 0.247586918985860 0.248344163865988 0.252805189862226 0.248919333377323 0.226922763989627 0.181624335338254 
0.055317146154655 0.071530787632183 0.117654942621225 0.186560474869297 0.250551130198785 0.284678624795885 0.291541881093381 0.278911088421922 0.250682135721936 0.219305221814761 0.203959815027273 0.213937700806232 0.242241069289175 0.269990591469946 0.281761738732609 0.269114575746512 
0.070817638536153 0.127189879549660 0.196519891275641 0.250272747345939 0.278677435123598 0.286410619285650 0.274613934150540 0.237603501923394 0.181979490477466 0.135737399893493 0.118769281590968 0.135177240780619 0.181956238453065 0.238955488948202 0.277435263697244 0.291426623393954 
0.119615450682527 0.209053430665425 0.260811125058653 0.278024737124285 0.279731006841216 0.264840390862356 0.221130805577130 0.153196146793737 0.093493282131989 0.060494120508399 0.052054033912200 0.066316987551693 0.108291915114981 0.176153613410566 0.239047121105804 0.273496078471336 
0.187006468958170 0.271875086130694 0.288396238699149 0.281518902244462 0.260970264431158 0.210915013376153 0.136799120606345 0.074685491834474 0.039793482617704 0.025461000856461 0.024540080031325 0.036394694190673 0.067576124436993 0.125388730653333 0.194119209301233 0.241692438742878 
0.235196212048300 0.295756850357444 0.292826375883280 0.270655413657077 0.219294635865776 0.137786741721020 0.070059914703873 0.034001584473112 0.019626926417445 0.017350977649104 0.023415889011158 0.038596308546966 0.067669904567209 0.115768300604553 0.173418708012858 0.217569920470398 
0.245978951459349 0.294030038502324 0.285386794516065 0.245184050397551 0.162333205323463 0.080483212959108 0.036634161882381 0.020798792338513 0.020335123283229 0.030605137003557 0.050794151047877 0.079887419359731 0.115780452162643 0.154893052615136 0.189362634775551 0.213544282587521 
0.232458485541403 0.277733210925662 0.266506077601751 0.205457033282748 0.111255962032625 0.049450973334631 0.026536764234860 0.026685797879232 0.044005118279517 0.079237281760819 0.128798152708905 0.178243119996735 0.212134417480020 0.226387857584778 0.225634515995499 0.221222208789817 
0.215952200527012 0.255479212454918 0.239564596070399 0.164496129148903 0.079884209801660 0.039415214835855 0.034806488435103 0.056818199502487 0.105537238744514 0.174700603787329 0.236904775880358 0.270757376498257 0.280569767931224 0.270965100718824 0.243008279669410 0.213548567815585 
0.213653091591718 0.241747906582471 0.220625930874027 0.141032576360529 0.069816132376868 0.047264223515720 0.066310263240960 0.122278366335502 0.196205733400033 0.253171239661808 0.281354964719328 0.291866862595283 0.290382766998207 0.266700110605907 0.214069988366539 0.163873644118192 
0.229553548357502 0.247335576748875 0.223242556708283 0.140784432574172 0.077361652520628 0.072980677988497 0.126376006033590 0.209528839075110 0.260931441553978 0.277311641802201 0.281169220042699 0.280247449735445 0.263355015176935 0.211460925650976 0.137939060459416 0.088823466737333 
0.256819374716855 0.269188349590871 0.241772140899002 0.152146006725182 0.092442838738360 0.108348895607620 0.196984906847491 0.274408738334332 0.289259666753758 0.282116700049714 0.272229075051560 0.249938124935253 0.197626616394845 0.124049345649049 0.066384227977387 0.038496238715759 
0.286221717813722 0.291814798265793 0.250049965174557 0.148733967039018 0.095010925186169 0.127415133091203 0.238115426889396 0.306595763958319 0.306494323342566 0.288214663031249 0.256607898632147 0.195068251091133 0.117498806710076 0.059785758403897 0.029781996558525 0.018184386995820 
0.290201436498059 0.277353854705502 0.207044231041993 0.109883666982370 0.072414691923768 0.108621263963207 0.221614980711719 0.305095976868084 0.310952879889562 0.279890426875907 0.213810622509200 0.126131416523596 0.062228895237695 0.031017889035720 0.019803260888509 0.018518212527043 
0.059893985517566 0.066802684152930 0.064679893989509 0.057833357563445 0.051101701477864 0.046181587521961 0.042692454597815 0.040256910303538 0.039490296919181 0.041873251624320 0.048776805778611 0.059471563008549 0.068333078949206 0.065806658011398 0.049093896057516 0.030389912981288 
0.167012082318234 0.179434888145452 0.165654542231781 0.137298879489059 0.107231827609705 0.082607547744427 0.065237503478244 0.054358671339072 0.048749402119210 0.047645270733719 0.050613916808180 0.056599753806463 0.062506925834084 0.063292690245971 0.055995345909886 0.043633301318544 
0.277024703922988 0.281447870439966 0.268825821447291 0.244219948690219 0.211432153204309 0.176684915919705 0.146988592626223 0.125949188527015 0.113641375858035 0.108901081063266 0.110613515332587 0.117502316372303 0.126869912522507 0.133361694030187 0.129750160624291 0.110905984496245 
0.290005058268025 0.288189509519226 0.283877393553739 0.278021288442540 0.269368633157527 0.257526310924463 0.244157503535405 0.231909817396850 0.223015669369260 0.218702664468216 0.219346320591424 0.224817332174504 0.234207544874404 0.244567795254306 0.248865472801624 0.233681589419993 
0.274314573662181 0.269123896007328 0.268116436328897 0.271505587097967 0.276560486661921 0.280226434965243 0.281242715495842 0.280232008727270 0.278454848705847 0.276664314943900 0.275027960418595 0.274022980351416 0.275010047339308 0.279232295628179 0.285517449806841 0.286923092427961 
0.238790211851157 0.223612055746218 0.219911875424196 0.228556713632556 0.245047721428130 0.262504288202613 0.275663415980673 0.282928617142657 0.285202018114301 0.283563748101651 0.278602943378680 0.271802940716541 0.266632320286061 0.266870900288091 0.273385963179296 0.282335043601824 
0.148548036504861 0.124214299309616 0.116881041363271 0.125177113216222 0.146502848840971 0.175864455503441 0.204910201372402 0.225733223059863 0.235274444390349 0.234410373352451 0.226025089176347 0.215561042765466 0.210813193247078 0.218182470006534 0.237763114205887 0.261400140224488 
0.062060433243639 0.049104081353792 0.045422585140556 0.049275588934105 0.059700294386791 0.075374478056371 0.093115490817233 0.108033697173074 0.115939079583734 0.115693848702249 0.109960258690809 0.104540565778940 0.106947396475110 0.125257652690023 0.165304479700139 0.219711555601239 
0.027436169249027 0.023820912177008 0.023753490515852 0.026387742619072 0.031210545097781 0.037644848870264 0.044485813534550 0.049787710756987 0.051691489597604 0.049693722875684 0.045308660677525 0.041692822301889 0.043077149063499 0.055607039535648 0.089567755404156 0.154769104386896 
0.030433620355619 0.033234865750231 0.037618544019715 0.042677439089631 0.047628843027586 0.051867574266342 0.054735480289486 0.055301362613436 0.052594781290319 0.046351114399626 0.037746082548220 0.029394403929505 0.024602932194071 0.027397355822756 0.045213754101355 0.092452238939509 
0.076989303278711 0.089683655324036 0.103161135608921 0.115086343477765 0.123759367709012 0.128608422917997 0.129694118616557 0.126743198280555 0.118583119524091 0.103723146975637 0.082337964404626 0.058278672318918 0.037935725596113 0.026602027008956 0.028469740657256 0.051819003481766 
0.185927815522792 0.206698966036340 0.224547916442475 0.236761085152879 0.243075189132246 0.244953366960676 0.244175696691353 0.241545126631548 0.235584105493068 0.221458951094238 0.192247455975695 0.146271724209040 0.094754067754313 0.054252596421875 0.033567775423242 0.034262634785759 
0.268330579439283 0.274975589622697 0.279738877905625 0.282195449127157 0.282603549442905 0.281717793172664 0.280592110799218 0.280272051563181 0.281063985020913 0.281306398433995 0.275513074522674 0.252143543361657 0.197955325167636 0.124003175716585 0.066070879757598 0.038576072684331 
0.285127890651700 0.284153173947096 0.282133330256873 0.279255143397119 0.275811589296301 0.272417579925857 0.270181652640993 0.270427361181958 0.273897386213394 0.280002514307201 0.286366541886338 0.287268602618167 0.269546582886872 0.215161940498390 0.133177330535931 0.068904028096703 
0.271833674031216 0.265072311683481 0.254558070917557 0.241832754554800 0.229075248946933 0.219006143893328 0.214618451575891 0.218355323062716 0.230753290959029 0.249176102396663 0.268181220121437 0.282329370506667 0.286641237840017 0.269745261757262 0.213839682524321 0.130319098863566 
0.194623375282190 0.180042776502225 0.160281738699673 0.139661260504322 0.122188238523759 0.110665902917368 0.107213967229752 0.114318507634148 0.135236018732559 0.171632063495950 0.217135283738788 0.256661591727820 0.279817777562492 0.285286565595164 0.266319228709206 0.207868814810613 
0.022450256415607 0.032672800974418 0.080251222891399 0.184660568457185 0.265842551155306 0.283379855655735 0.277558537640223 0.263070173482823 0.231890717084685 0.176922499703196 0.111685238637559 0.061889953420262 0.038214454302309 0.039317830196045 0.066450902067081 0.124778683854162 
0.032672800974419 0.031258475534241 0.052631378221759 0.114722047299852 0.200203309294570 0.254482195638735 0.274779666068317 0.279929958616312 0.275773655366204 0.254471647383370 0.201744185907632 0.125541506276702 0.065196984734483 0.037547153734249 0.037233936262030 0.063059546956983 
0.080251222891401 0.052631378221760 0.043843793443785 0.062955621444085 0.111744583815236 0.176390806556320 0.233392060421620 0.268557811847626 0.283843611107972 0.284616876268177 0.264944479168473 0.207125464441925 0.122353092843670 0.060235867551546 0.034169392448347 0.034856485923984 
0.184660568457189 0.114722047299854 0.062955621444085 0.044826182030029 0.055311470021941 0.090778074247968 0.149737849412898 0.217535745423525 0.265367514539472 0.285121498046559 0.285322146098805 0.261084905530601 0.195019092753396 0.109590357918581 0.053506227271419 0.031530386812936 
0.265842551155308 0.200203309294572 0.111744583815236 0.055311470021941 0.036496610098681 0.043557143360795 0.075093077179110 0.135992424632503 0.212843391508997 0.266163072132159 0.285080713737274 0.281574858438747 0.250354726042600 0.179344963464878 0.099914149403453 0.050682376119146 
0.283379855655735 0.254482195638735 0.176390806556319 0.090778074247966 0.043557143360794 0.029070903883259 0.037008195064072 0.069973114859316 0.136274585943352 0.218758469473955 0.270497315629102 0.285139450241631 0.277202978160429 0.241693714651663 0.172617582392607 0.099914149403454 
0.277558537640222 0.274779666068317 0.233392060421617 0.149737849412893 0.075093077179106 0.037008195064070 0.026262116055395 0.036353734248586 0.073427247593020 0.146396997058997 0.229762487473675 0.275248207445755 0.285240421473071 0.275269527553019 0.241693714651664 0.179344963464881 
0.263070173482824 0.279929958616312 0.268557811847624 0.217535745423520 0.135992424632496 0.069973114859310 0.036353734248584 0.027349985153461 0.039695645824314 0.081459993684428 0.158714826514266 0.237936401596787 0.277214870199084 0.285240421473071 0.277202978160429 0.250354726042602 
0.231890717084688 0.275773655366205 0.283843611107971 0.265367514539468 0.212843391508989 0.136274585943343 0.073427247593015 0.039695645824312 0.030474377692566 0.044137748203678 0.088162711539594 0.164217491129549 0.237936401596786 0.275248207445755 0.285139450241630 0.281574858438747 
0.176922499703202 0.254471647383374 0.284616876268178 0.285121498046558 0.266163072132154 0.218758469473947 0.146396997058989 0.081459993684424 0.044137748203676 0.033124222369657 0.046199785906463 0.088162711539593 0.158714826514263 0.229762487473672 0.270497315629100 0.285080713737274 
0.111685238637566 0.201744185907640 0.264944479168478 0.285322146098806 0.285080713737273 0.270497315629099 0.229762487473670 0.158714826514261 0.088162711539592 0.046199785906462 0.033124222369657 0.044137748203677 0.081459993684425 0.146396997058991 0.218758469473949 0.266163072132156 
0.061889953420266 0.125541506276711 0.207125464441934 0.261084905530606 0.281574858438748 0.285139450241630 0.275248207445754 0.237936401596785 0.164217491129548 0.088162711539594 0.044137748203678 0.030474377692566 0.039695645824312 0.073427247593016 0.136274585943345 0.212843391508991 
0.038214454302310 0.065196984734489 0.122353092843679 0.195019092753404 0.250354726042604 0.277202978160430 0.285240421473071 0.277214870199083 0.237936401596787 0.158714826514266 0.081459993684428 0.039695645824314 0.027349985153461 0.036353734248585 0.069973114859311 0.135992424632497 
0.039317830196045 0.037547153734251 0.060235867551550 0.109590357918587 0.179344963464884 0.241693714651665 0.275269527553020 0.285240421473071 0.275248207445755 0.229762487473676 0.146396997058997 0.073427247593020 0.036353734248586 0.026262116055395 0.037008195064070 0.075093077179107 
0.066450902067078 0.037233936262029 0.034169392448348 0.053506227271422 0.099914149403455 0.172617582392609 0.241693714651664 0.277202978160429 0.285139450241631 0.270497315629102 0.218758469473955 0.136274585943351 0.069973114859315 0.037008195064072 0.029070903883259 0.043557143360793 
0.124778683854157 0.063059546956980 0.034856485923983 0.031530386812936 0.050682376119147 0.099914149403453 0.179344963464878 0.250354726042600 0.281574858438747 0.285080713737274 0.266163072132159 0.212843391508996 0.135992424632502 0.075093077179109 0.043557143360794 0.036496610098680 
0.202962878682819 0.261869683354418 0.285441368356551 0.284545412268486 0.259642142154836 0.199626868466802 0.120524238271345 0.063316209764770 0.038220048502534 0.036870299416878 0.053118450157764 0.082076110550868 0.115758319416759 0.147419966816018 0.175277033513875 0.196531643531039 
0.120756806242262 0.200493597227264 0.261368431237995 0.285441368356551 0.284129238921374 0.257785562111886 0.195707460241541 0.116939539979296 0.061375980439873 0.035637448583257 0.029203469642160 0.033645208342588 0.043827056373823 0.056575002726355 0.069862355124037 0.080406056128436 
0.060985605473483 0.119368869385608 0.200493597227263 0.261869683354417 0.285325643570245 0.282719967711631 0.254440107975284 0.192353663324965 0.117683343258072 0.065098072681635 0.038605955999042 0.028273016655224 0.026328710285114 0.028687784230452 0.033253681838632 0.038226448656920 
0.033890978582814 0.060985605473483 0.120756806242261 0.202962878682817 0.263470987793644 0.285098376214353 0.280633994403476 0.252387187258116 0.196861497229439 0.132169441065584 0.084300726115503 0.057746436893216 0.045879786484019 0.042782450172041 0.045151617110939 0.051185571870569 
0.031530386812936 0.034856485923983 0.063059546956981 0.124778683854159 0.207868814810616 0.266319228709208 0.285286565595165 0.279817777562492 0.256661591727819 0.217135283738786 0.171632063495947 0.135236018732556 0.114318507634146 0.107213967229752 0.110665902917369 0.122188238523763 
0.053506227271420 0.034169392448347 0.037233936262029 0.066450902067079 0.130319098863568 0.213839682524323 0.269745261757263 0.286641237840017 0.282329370506666 0.268181220121436 0.249176102396661 0.230753290959027 0.218355323062714 0.214618451575891 0.219006143893329 0.229075248946936 
0.109590357918585 0.060235867551548 0.037547153734250 0.039317830196045 0.068904028096705 0.133177330535933 0.215161940498392 0.269546582886873 0.287268602618167 0.286366541886338 0.280002514307201 0.273897386213393 0.270427361181958 0.270181652640992 0.272417579925857 0.275811589296301 
0.195019092753401 0.122353092843675 0.065196984734487 0.038214454302310 0.038576072684331 0.066070879757599 0.124003175716587 0.197955325167639 0.252143543361659 0.275513074522675 0.281306398433995 0.281063985020914 0.280272051563182 0.280592110799218 0.281717793172664 0.282603549442905 
0.261084905530604 0.207125464441931 0.125541506276709 0.061889953420265 0.034262634785759 0.033567775423242 0.054252596421876 0.094754067754315 0.146271724209044 0.192247455975699 0.221458951094242 0.235584105493071 0.241545126631552 0.244175696691356 0.244953366960677 0.243075189132245 
0.285322146098806 0.264944479168477 0.201744185907639 0.111685238637565 0.051819003481765 0.028469740657256 0.026602027008956 0.037935725596114 0.058278672318920 0.082337964404629 0.103723146975640 0.118583119524095 0.126743198280558 0.129694118616559 0.128608422917998 0.123759367709011 
0.285121498046559 0.284616876268178 0.254471647383374 0.176922499703201 0.092452238939508 0.045213754101355 0.027397355822756 0.024602932194071 0.029394403929505 0.037746082548220 0.046351114399627 0.052594781290319 0.055301362613437 0.054735480289486 0.051867574266342 0.047628843027586 
0.265367514539469 0.283843611107972 0.275773655366205 0.231890717084688 0.154769104386896 0.089567755404155 0.055607039535646 0.043077149063498 0.041692822301887 0.045308660677524 0.049693722875682 0.051691489597602 0.049787710756986 0.044485813534549 0.037644848870263 0.031210545097781 
0.217535745423520 0.268557811847624 0.279929958616312 0.263070173482824 0.219711555601239 0.165304479700138 0.125257652690020 0.106947396475106 0.104540565778936 0.109960258690805 0.115693848702245 0.115939079583730 0.108033697173071 0.093115490817230 0.075374478056369 0.059700294386791 
0.149737849412893 0.233392060421617 0.274779666068317 0.277558537640222 0.261400140224488 0.237763114205886 0.218182470006531 0.210813193247074 0.215561042765461 0.226025089176342 0.234410373352447 0.235274444390345 0.225733223059859 0.204910201372399 0.175864455503439 0.146502848840970 
0.090778074247966 0.176390806556318 0.254482195638735 0.283379855655735 0.282335043601824 0.273385963179295 0.266870900288090 0.266632320286060 0.271802940716539 0.278602943378679 0.283563748101650 0.285202018114300 0.282928617142657 0.275663415980672 0.262504288202612 0.245047721428130 
0.055311470021941 0.111744583815236 0.200203309294572 0.265842551155308 0.286923092427962 0.285517449806841 0.279232295628179 0.275010047339309 0.274022980351416 0.275027960418596 0.276664314943901 0.278454848705847 0.280232008727270 0.281242715495843 0.280226434965243 0.276560486661921 
0.200352594409606 0.170567475564374 0.109429810809854 0.057310443425805 0.041550052154692 0.066087350463575 0.142641077485653 0.229534754933354 0.250291657474219 0.209362059909503 0.134301518189764 0.070392119887039 0.037765797843521 0.028379307300895 0.033132062914270 0.046067772953416 
0.081851151864282 0.068930662664906 0.046856514123613 0.029854289673607 0.025764781775919 0.037437349422712 0.069801396534960 0.111590908406208 0.127058747678587 0.106620048230855 0.071788457739277 0.047628454605681 0.042168148769615 0.055154524445837 0.086497894312003 0.129987356331286 
0.041210692264507 0.040352869932118 0.036781346206855 0.034063497120107 0.034779660543567 0.040649198102544 0.053260611994362 0.068889605266402 0.076211358946811 0.071460900459678 0.063798310779498 0.065247046133647 0.084051600664025 0.126096302503078 0.188521751858387 0.246701146911246 
0.059429123667349 0.068326805508722 0.076510629903773 0.083082517888393 0.087730896842276 0.091357971199069 0.095661870469020 0.100590961395128 0.103801991852558 0.105868234158241 0.112680834574730 0.131953617226100 0.168312100159664 0.216678917211348 0.259690607883779 0.283526481131450 
0.139661260504328 0.160281738699682 0.180042776502235 0.194623375282199 0.201467573443787 0.201360844260483 0.197707299496320 0.193966467457137 0.192337229448148 0.195171792075601 0.205380206417217 0.223953982180549 0.247307447621814 0.267918592547901 0.279040728750947 0.279667589020364 
0.241832754554804 0.254558070917562 0.265072311683485 0.271833674031219 0.274165909526897 0.272538027498509 0.268534800563766 0.264287530138068 0.261789221031336 0.262577528776771 0.267195687710236 0.274336752706094 0.280721442051235 0.282127520374207 0.274992733198695 0.258843614576736 
0.279255143397120 0.282133330256874 0.284153173947096 0.285127890651699 0.284914006260352 0.283518663059047 0.281321625743380 0.279159639605922 0.278032743578415 0.278492568720605 0.279912350033453 0.279953015573473 0.274515782677903 0.258429218599046 0.228012125469534 0.186978880904652 
0.282195449127156 0.279738877905624 0.274975589622694 0.268330579439279 0.260753941887932 0.253238537897300 0.246566831435115 0.241331454970438 0.237720727458646 0.234872442195459 0.230129309770080 0.218887221526988 0.196232278530713 0.161413121093925 0.121404098999689 0.086308474916374 
0.236761085152876 0.224547916442469 0.206698966036331 0.185927815522783 0.166130523977101 0.150085203296391 0.138551553042583 0.130872110587972 0.125649989082184 0.120923522802292 0.114215647221943 0.103142991245795 0.086894569821287 0.067589839275324 0.049422920038065 0.035728871630858 
0.115086343477762 0.103161135608916 0.089683655324031 0.076989303278706 0.066968415972631 0.060372689652464 0.056891157807299 0.055561921631601 0.055143548544092 0.054398809846394 0.052314644405007 0.048360204851471 0.042825386296836 0.036923644194112 0.032261028794406 0.029989351322368 
0.042677439089629 0.037618544019713 0.033234865750229 0.030433620355618 0.029989351322367 0.032261028794405 0.036923644194111 0.042825386296835 0.048360204851469 0.052314644405004 0.054398809846391 0.055143548544089 0.055561921631600 0.056891157807298 0.060372689652465 0.066968415972635 
0.026387742619072 0.023753490515852 0.023820912177008 0.027436169249028 0.035728871630858 0.049422920038066 0.067589839275323 0.086894569821282 0.103142991245788 0.114215647221935 0.120923522802283 0.125649989082176 0.130872110587968 0.138551553042582 0.150085203296394 0.166130523977107 
0.049275588934106 0.045422585140558 0.049104081353795 0.062060433243642 0.086308474916378 0.121404098999692 0.161413121093924 0.196232278530707 0.218887221526980 0.230129309770070 0.234872442195450 0.237720727458638 0.241331454970434 0.246566831435113 0.253238537897301 0.260753941887935 
0.125177113216224 0.116881041363275 0.124214299309622 0.148548036504869 0.186978880904659 0.228012125469538 0.258429218599047 0.274515782677901 0.279953015573470 0.279912350033450 0.278492568720602 0.278032743578412 0.279159639605921 0.281321625743380 0.283518663059047 0.284914006260353 
0.228556713632558 0.219911875424200 0.223612055746223 0.238790211851163 0.258843614576740 0.274992733198697 0.282127520374208 0.280721442051235 0.274336752706094 0.267195687710236 0.262577528776772 0.261789221031337 0.264287530138068 0.268534800563766 0.272538027498508 0.274165909526895 
0.271505587097967 0.268116436328898 0.269123896007330 0.274314573662182 0.279667589020365 0.279040728750947 0.267918592547900 0.247307447621814 0.223953982180550 0.205380206417221 0.195171792075608 0.192337229448155 0.193966467457141 0.197707299496320 0.201360844260480 0.201467573443781 
0.083082517888387 0.076510629903768 0.068326805508718 0.059429123667346 0.051185571870568 0.045151617110939 0.042782450172042 0.045879786484020 0.057746436893218 0.084300726115505 0.132169441065587 0.196861497229441 0.252387187258117 0.280633994403477 0.285098376214352 0.263470987793643 
0.034063497120106 0.036781346206855 0.040352869932120 0.041210692264508 0.038226448656921 0.033253681838632 0.028687784230452 0.026328710285114 0.028273016655225 0.038605955999043 0.065098072681637 0.117683343258075 0.192353663324967 0.254440107975285 0.282719967711631 0.285325643570244 
0.029854289673608 0.046856514123618 0.068930662664914 0.081851151864289 0.080406056128441 0.069862355124038 0.056575002726355 0.043827056373822 0.033645208342587 0.029203469642160 0.035637448583258 0.061375980439874 0.116939539979298 0.195707460241543 0.257785562111888 0.284129238921374 
0.057310443425809 0.109429810809868 0.170567475564393 0.200352594409621 0.196531643531047 0.175277033513877 0.147419966816017 0.115758319416756 0.082076110550866 0.053118450157763 0.036870299416878 0.038220048502535 0.063316209764771 0.120524238271348 0.199626868466804 0.259642142154837 
0.109883666982376 0.207044231042009 0.277353854705514 0.290201436498064 0.280376161144438 0.268180601224693 0.255998305323901 0.233606576568586 0.188057924595856 0.125390293074100 0.071852905770872 0.043509010795595 0.041021857502396 0.065769295322834 0.123203027407600 0.201097844907991 
0.148733967039020 0.250049965174566 0.291814798265797 0.286221717813721 0.273341106184844 0.269234074614131 0.274859289714555 0.280477782556587 0.269250275322967 0.223238307072792 0.146180154221367 0.079441076553710 0.045971971419309 0.042289605026113 0.066709981967555 0.123203027407598 
0.152146006725182 0.241772140899006 0.269188349590872 0.256819374716853 0.239595969822270 0.235145858022096 0.248071170432283 0.269448945814668 0.283594722252689 0.274822540208200 0.227143237794785 0.147128846832143 0.079594474017788 0.046236952787981 0.042289605026113 0.065769295322833 
0.140784432574174 0.223242556708287 0.247335576748876 0.229553548357500 0.199519623361150 0.184513018390022 0.198551525009167 0.234311166372769 0.269169625846586 0.284742669540694 0.272727515467819 0.223140917503607 0.145172828135365 0.079594474017789 0.045971971419309 0.041021857502395 
0.141032576360534 0.220625930874032 0.241747906582473 0.213653091591716 0.159619237594894 0.124456816746709 0.129606424758583 0.173134205441236 0.233800818789189 0.275518070130212 0.286920833939534 0.271512102257598 0.223140917503607 0.147128846832144 0.079441076553711 0.043509010795595 
0.164496129148910 0.239564596070403 0.255479212454919 0.215952200527010 0.133403810463944 0.078563573818437 0.069574920151108 0.100416426061056 0.167970799147909 0.241300819439910 0.279709704555385 0.286920833939533 0.272727515467818 0.227143237794785 0.146180154221370 0.071852905770874 
0.205457033282753 0.266506077601754 0.277733210925662 0.232458485541400 0.123690672559441 0.054583198818418 0.035706261086250 0.048463906491387 0.093414592579692 0.170185029892635 0.241300819439908 0.275518070130210 0.284742669540692 0.274822540208199 0.223238307072796 0.125390293074106 
0.245184050397554 0.285386794516067 0.294030038502323 0.245978951459344 0.118548195580658 0.043064803211834 0.020419128691805 0.022425712010017 0.044110493804405 0.093414592579691 0.167970799147905 0.233800818789185 0.269169625846582 0.283594722252687 0.269250275322971 0.188057924595865 
0.270655413657078 0.292826375883281 0.295756850357443 0.235196212048293 0.103800348865302 0.034889922473326 0.014332738788670 0.012705877079213 0.022425712010017 0.048463906491386 0.100416426061054 0.173134205441233 0.234311166372766 0.269448945814667 0.280477782556591 0.233606576568596 
0.281518902244462 0.288396238699148 0.271875086130691 0.187006468958163 0.077283441931336 0.028205517755660 0.014736305554232 0.014332738788671 0.020419128691806 0.035706261086252 0.069574920151109 0.129606424758584 0.198551525009168 0.248071170432284 0.274859289714559 0.255998305323908 
0.278024737124285 0.260811125058651 0.209053430665421 0.119615450682522 0.052954390062069 0.029376206702553 0.028205517755663 0.034889922473330 0.043064803211838 0.054583198818423 0.078563573818441 0.124456816746714 0.184513018390027 0.235145858022102 0.269234074614137 0.268180601224697 
0.250272747345938 0.196519891275639 0.127189879549657 0.070817638536151 0.047081575895143 0.052954390062073 0.077283441931345 0.103800348865314 0.118548195580669 0.123690672559450 0.133403810463952 0.159619237594901 0.199519623361157 0.239595969822277 0.273341106184850 0.280376161144437 
0.202962878682814 0.120756806242259 0.060985605473482 0.033890978582813 0.031530386812936 0.053506227271419 0.109590357918581 0.195019092753395 0.261084905530600 0.285322146098805 0.285121498046559 0.265367514539471 0.217535745423524 0.149737849412896 0.090778074247967 0.055311470021941 
0.261869683354415 0.200493597227261 0.119368869385606 0.060985605473483 0.034856485923983 0.034169392448347 0.060235867551546 0.122353092843669 0.207125464441924 0.264944479168473 0.284616876268178 0.283843611107972 0.268557811847626 0.233392060421619 0.176390806556318 0.111744583815234 
0.285441368356551 0.261368431237994 0.200493597227263 0.120756806242262 0.063059546956982 0.037233936262030 0.037547153734249 0.065196984734483 0.125541506276703 0.201744185907632 0.254471647383371 0.275773655366205 0.279929958616313 0.274779666068317 0.254482195638735 0.200203309294570 
0.284545412268486 0.285441368356551 0.261869683354417 0.202962878682819 0.124778683854163 0.066450902067082 0.039317830196045 0.038214454302309 0.061889953420262 0.111685238637560 0.176922499703197 0.231890717084687 0.263070173482824 0.277558537640224 0.283379855655735 0.265842551155307 
0.259642142154836 0.284129238921373 0.285325643570245 0.263470987793646 0.207868814810620 0.130319098863573 0.068904028096708 0.038576072684332 0.034262634785759 0.051819003481764 0.092452238939506 0.154769104386895 0.219711555601239 0.261400140224489 0.282335043601824 0.286923092427962 
0.199626868466801 0.257785562111885 0.282719967711630 0.285098376214353 0.266319228709210 0.213839682524328 0.133177330535938 0.066070879757601 0.033567775423243 0.028469740657256 0.045213754101354 0.089567755404155 0.165304479700139 0.237763114205887 0.273385963179296 0.285517449806842 
0.120524238271344 0.195707460241538 0.254440107975282 0.280633994403475 0.285286565595165 0.269745261757265 0.215161940498397 0.124003175716591 0.054252596421878 0.026602027008957 0.027397355822756 0.055607039535647 0.125257652690022 0.218182470006533 0.266870900288091 0.279232295628180 
0.063316209764769 0.116939539979293 0.192353663324961 0.252387187258114 0.279817777562491 0.286641237840017 0.269546582886875 0.197955325167642 0.094754067754317 0.037935725596114 0.024602932194071 0.043077149063499 0.106947396475108 0.210813193247076 0.266632320286061 0.275010047339309 
0.038220048502534 0.061375980439871 0.117683343258069 0.196861497229436 0.256661591727817 0.282329370506666 0.287268602618167 0.252143543361660 0.146271724209045 0.058278672318920 0.029394403929505 0.041692822301888 0.104540565778938 0.215561042765463 0.271802940716540 0.274022980351416 
0.036870299416879 0.035637448583257 0.065098072681633 0.132169441065581 0.217135283738784 0.268181220121436 0.286366541886337 0.275513074522675 0.192247455975699 0.082337964404629 0.037746082548220 0.045308660677525 0.109960258690806 0.226025089176343 0.278602943378679 0.275027960418596 
0.053118450157765 0.029203469642160 0.038605955999041 0.084300726115501 0.171632063495945 0.249176102396661 0.280002514307200 0.281306398433994 0.221458951094241 0.103723146975639 0.046351114399627 0.049693722875683 0.115693848702246 0.234410373352448 0.283563748101650 0.276664314943901 
0.082076110550871 0.033645208342589 0.028273016655224 0.057746436893216 0.135236018732555 0.230753290959027 0.273897386213393 0.281063985020913 0.235584105493070 0.118583119524094 0.052594781290319 0.051691489597603 0.115939079583732 0.235274444390347 0.285202018114300 0.278454848705847 
0.115758319416763 0.043827056373824 0.026328710285114 0.045879786484019 0.114318507634147 0.218355323062714 0.270427361181957 0.280272051563181 0.241545126631550 0.126743198280557 0.055301362613437 0.049787710756987 0.108033697173073 0.225733223059862 0.282928617142657 0.280232008727270 
0.147419966816020 0.056575002726356 0.028687784230452 0.042782450172042 0.107213967229753 0.214618451575892 0.270181652640992 0.280592110799218 0.244175696691355 0.129694118616558 0.054735480289486 0.044485813534550 0.093115490817233 0.204910201372403 0.275663415980673 0.281242715495842 
0.175277033513872 0.069862355124034 0.033253681838631 0.045151617110940 0.110665902917373 0.219006143893331 0.272417579925857 0.281717793172664 0.244953366960676 0.128608422917996 0.051867574266341 0.037644848870264 0.075374478056372 0.175864455503444 0.262504288202615 0.280226434965243 
0.196531643531025 0.080406056128427 0.038226448656918 0.051185571870571 0.122188238523768 0.229075248946940 0.275811589296302 0.282603549442904 0.243075189132243 0.123759367709009 0.047628843027585 0.031210545097781 0.059700294386793 0.146502848840976 0.245047721428133 0.276560486661922 
0.044826182030029 0.062955621444085 0.114722047299855 0.184660568457190 0.233681589419996 0.248865472801626 0.244567795254309 0.234207544874407 0.224817332174508 0.219346320591427 0.218702664468220 0.223015669369263 0.231909817396852 0.244157503535407 0.257526310924464 0.269368633157527 
0.062955621444084 0.043843793443785 0.052631378221761 0.080251222891402 0.110905984496247 0.129750160624294 0.133361694030191 0.126869912522511 0.117502316372306 0.110613515332591 0.108901081063269 0.113641375858038 0.125949188527018 0.146988592626225 0.176684915919707 0.211432153204310 
0.114722047299852 0.052631378221760 0.031258475534242 0.032672800974419 0.043633301318544 0.055995345909887 0.063292690245972 0.062506925834086 0.056599753806465 0.050613916808181 0.047645270733720 0.048749402119211 0.054358671339073 0.065237503478244 0.082607547744428 0.107231827609704 
0.184660568457187 0.080251222891400 0.032672800974419 0.022450256415607 0.030389912981288 0.049093896057514 0.065806658011396 0.068333078949204 0.059471563008548 0.048776805778610 0.041873251624320 0.039490296919180 0.040256910303537 0.042692454597814 0.046181587521961 0.051101701477864 
0.233681589419993 0.110905984496245 0.043633301318543 0.030389912981287 0.051936883687273 0.103942678093359 0.147613270780005 0.151413375920911 0.128751393000304 0.103363237436587 0.087427461126807 0.081124869280889 0.079097410941304 0.075425591209632 0.066796144656602 0.053990463440547 
0.248865472801625 0.129750160624292 0.055995345909886 0.049093896057514 0.103942678093359 0.217750955241733 0.278273392823719 0.270782005277025 0.237918081975846 0.205393614545294 0.186999638094967 0.183354066753952 0.184499219819632 0.178221788174103 0.156448010445395 0.118645283881918 
0.244567795254309 0.133361694030190 0.063292690245971 0.065806658011396 0.147613270780005 0.278273392823719 0.312179982261079 0.294032801164592 0.269231574147778 0.252284376240556 0.249622712956034 0.259385715291628 0.271188625276395 0.275461786150124 0.265483146959215 0.229924595650255 
0.234207544874406 0.126869912522510 0.062506925834085 0.068333078949204 0.151413375920912 0.270782005277025 0.294032801164592 0.273965830751768 0.251604117279134 0.238665354013619 0.241511645976282 0.258534821039718 0.278130782716733 0.290712367458081 0.294325738552395 0.284341168904504 
0.224817332174507 0.117502316372305 0.056599753806464 0.059471563008549 0.128751393000306 0.237918081975847 0.269231574147778 0.251604117279133 0.221985305131653 0.195455829963533 0.188052234262443 0.205751126763615 0.238106542829571 0.267642214893117 0.284912042465455 0.289045544551267 
0.219346320591426 0.110613515332589 0.050613916808181 0.048776805778611 0.103363237436588 0.205393614545297 0.252284376240557 0.238665354013618 0.195455829963532 0.144170770935204 0.115284319570141 0.119341653910757 0.152731640887656 0.203717966051335 0.249884139518870 0.274843990928841 
0.218702664468218 0.108901081063267 0.047645270733719 0.041873251624320 0.087427461126809 0.186999638094970 0.249622712956034 0.241511645976280 0.188052234262440 0.115284319570138 0.068819294704690 0.056605616679716 0.070962236781107 0.110254569353635 0.170642467623982 0.229385560600231 
0.223015669369260 0.113641375858036 0.048749402119210 0.039490296919181 0.081124869280892 0.183354066753957 0.259385715291629 0.258534821039715 0.205751126763611 0.119341653910753 0.056605616679715 0.031695445355525 0.030439113870516 0.047067916796651 0.085414400456828 0.147735779687269 
0.231909817396850 0.125949188527015 0.054358671339072 0.040256910303538 0.079097410941307 0.184499219819638 0.271188625276396 0.278130782716731 0.238106542829567 0.152731640887651 0.070962236781105 0.030439113870515 0.017843940881172 0.020521708414504 0.037660335108824 0.077659575690953 
0.244157503535404 0.146988592626221 0.065237503478242 0.042692454597815 0.075425591209635 0.178221788174109 0.275461786150127 0.290712367458080 0.267642214893114 0.203717966051332 0.110254569353634 0.047067916796652 0.020521708414505 0.013593999824342 0.018765173530010 0.040272940550216 
0.257526310924462 0.176684915919702 0.082607547744425 0.046181587521961 0.066796144656605 0.156448010445402 0.265483146959218 0.294325738552395 0.284912042465454 0.249884139518869 0.170642467623983 0.085414400456831 0.037660335108826 0.018765173530011 0.015152478558605 0.024779741090204 
0.269368633157526 0.211432153204305 0.107231827609700 0.051101701477863 0.053990463440549 0.118645283881922 0.229924595650258 0.284341168904505 0.289045544551266 0.274843990928841 0.229385560600235 0.147735779687276 0.077659575690959 0.040272940550219 0.024779741090205 0.023502734114543 
0.278021288442540 0.283877393553740 0.288189509519227 0.290005058268025 0.283526481131449 0.259690607883776 0.216678917211345 0.168312100159664 0.131953617226103 0.112680834574736 0.105868234158250 0.103801991852566 0.100590961395133 0.095661870469022 0.091357971199067 0.087730896842272 
0.244219948690218 0.268825821447289 0.281447870439964 0.277024703922984 0.246701146911240 0.188521751858380 0.126096302503073 0.084051600664025 0.065247046133650 0.063798310779505 0.071460900459688 0.076211358946821 0.068889605266408 0.053260611994363 0.040649198102543 0.034779660543566 
0.137298879489057 0.165654542231775 0.179434888145443 0.167012082318224 0.129987356331277 0.086497894311997 0.055154524445835 0.042168148769615 0.047628454605685 0.071788457739286 0.106620048230870 0.127058747678601 0.111590908406214 0.069801396534958 0.037437349422710 0.025764781775918 
0.057833357563443 0.064679893989507 0.066802684152926 0.059893985517561 0.046067772953413 0.033132062914267 0.028379307300894 0.037765797843522 0.070392119887044 0.134301518189776 0.209362059909519 0.250291657474231 0.229534754933355 0.142641077485641 0.066087350463566 0.041550052154690 
0.041085588718587 0.031753653721889 0.025876412924337 0.021492135452663 0.018518212527042 0.019803260888508 0.031017889035719 0.062228895237694 0.126131416523599 0.213810622509206 0.279890426875913 0.310952879889566 0.305095976868079 0.221614980711693 0.108621263963187 0.072414691923761 
0.075312622612989 0.042079330485218 0.024002400544740 0.017010746120378 0.018184386995820 0.029781996558523 0.059785758403894 0.117498806710071 0.195068251091130 0.256607898632147 0.288214663031250 0.306494323342568 0.306595763958313 0.238115426889368 0.127415133091178 0.095010925186158 
0.162481961884642 0.092110442074535 0.049395659029224 0.033699730804047 0.038496238715759 0.066384227977385 0.124049345649043 0.197626616394838 0.249938124935249 0.272229075051559 0.282116700049715 0.289259666753759 0.274408738334325 0.196984906847466 0.108348895607600 0.092442838738350 
0.245195382416996 0.172681288175316 0.107135254559480 0.078761482817555 0.088823466737334 0.137939060459414 0.211460925650971 0.263355015176930 0.280247449735443 0.281169220042699 0.277311641802204 0.260931441553980 0.209528839075104 0.126376006033575 0.072980677988487 0.077361652520623 
0.275641421616398 0.235563735509277 0.181841105979234 0.151369447783636 0.163873644118196 0.214069988366539 0.266700110605904 0.290382766998205 0.291866862595282 0.281354964719331 0.253171239661815 0.196205733400040 0.122278366335501 0.066310263240956 0.047264223515717 0.069816132376868 
0.277116423449814 0.259141921982911 0.228633173093973 0.207310246061184 0.213548567815588 0.243008279669410 0.270965100718822 0.280569767931224 0.270757376498260 0.236904775880366 0.174700603787340 0.105537238744521 0.056818199502488 0.034806488435102 0.039415214835856 0.079884209801663 
0.260096748930779 0.260670197584834 0.243829435039813 0.226601999078817 0.221222208789817 0.225634515995498 0.226387857584777 0.212134417480021 0.178243119996739 0.128798152708913 0.079237281760826 0.044005118279521 0.026685797879234 0.026536764234861 0.049450973334632 0.111255962032629 
0.213555479888576 0.248317356460433 0.248218202706228 0.232454364136206 0.213544282587520 0.189362634775549 0.154893052615133 0.115780452162642 0.079887419359733 0.050794151047880 0.030605137003559 0.020335123283231 0.020798792338513 0.036634161882382 0.080483212959110 0.162333205323467 
0.147723958517950 0.221558651954621 0.251875943140132 0.243921431263948 0.217569920470396 0.173418708012854 0.115768300604549 0.067669904567207 0.038596308546966 0.023415889011158 0.017350977649105 0.019626926417445 0.034001584473112 0.070059914703873 0.137786741721022 0.219294635865778 
0.093419086435543 0.184040904076365 0.253585231708716 0.263988824041241 0.241692438742876 0.194119209301229 0.125388730653328 0.067576124436990 0.036394694190672 0.024540080031324 0.025461000856460 0.039793482617703 0.074685491834474 0.136799120606344 0.210915013376153 0.260970264431159 
0.059360966606198 0.140567460090530 0.241650046136908 0.281226925399386 0.273496078471335 0.239047121105800 0.176153613410560 0.108291915114976 0.066316987551690 0.052054033912199 0.060494120508397 0.093493282131987 0.153196146793735 0.221130805577129 0.264840390862355 0.279731006841215 
0.041080447246813 0.096937852732486 0.199132506031095 0.274393615416418 0.291426623393955 0.277435263697242 0.238955488948198 0.181956238453060 0.135177240780615 0.118769281590965 0.135737399893490 0.181979490477463 0.237603501923392 0.274613934150539 0.286410619285649 0.278677435123597 
0.186560474869297 0.117654942621225 0.071530787632182 0.055317146154655 0.070817638536156 0.119615450682533 0.187006468958179 0.235196212048308 0.245978951459354 0.232458485541407 0.215952200527014 0.213653091591720 0.229553548357505 0.256819374716859 0.286221717813723 0.290201436498051 
0.107935411812621 0.064429079879919 0.052453683823392 0.071530787632184 0.127189879549663 0.209053430665430 0.271875086130698 0.295756850357446 0.294030038502324 0.277733210925661 0.255479212454916 0.241747906582469 0.247335576748874 0.269188349590870 0.291814798265787 0.277353854705480 
0.054757417796488 0.045155607732563 0.064429079879919 0.117654942621226 0.196519891275643 0.260811125058654 0.288396238699149 0.292826375883279 0.285386794516063 0.266506077601745 0.239564596070391 0.220625930874019 0.223242556708276 0.241772140898993 0.250049965174539 0.207044231041961 
0.035497878872776 0.054757417796487 0.107935411812619 0.186560474869296 0.250272747345939 0.278024737124285 0.281518902244461 0.270655413657074 0.245184050397545 0.205457033282739 0.164496129148894 0.141032576360522 0.140784432574168 0.152146006725180 0.148733967039012 0.109883666982359 
0.041328051224880 0.092578365190133 0.179374261806819 0.250551130198784 0.278677435123597 0.279731006841215 0.260970264431157 0.219294635865772 0.162333205323456 0.111255962032618 0.079884209801656 0.069816132376868 0.077361652520635 0.092442838738374 0.095010925186185 0.072414691923778 
0.067023194484361 0.154082024930098 0.246960412751063 0.284678624795884 0.286410619285650 0.264840390862357 0.210915013376153 0.137786741721018 0.080483212959105 0.049450973334628 0.039415214835856 0.047264223515726 0.072980677988515 0.108348895607654 0.127415133091245 0.108621263963240 
0.108497877476855 0.214656322016358 0.280372594362238 0.291541881093380 0.274613934150542 0.221130805577133 0.136799120606347 0.070059914703873 0.036634161882380 0.026536764234860 0.034806488435104 0.066310263240968 0.126376006033615 0.196984906847534 0.238115426889444 0.221614980711762 
0.157488209993962 0.249352927653419 0.284441616127072 0.278911088421923 0.237603501923398 0.153196146793742 0.074685491834476 0.034001584473112 0.020798792338512 0.026685797879230 0.056818199502485 0.122278366335504 0.209528839075121 0.274408738334345 0.306595763958328 0.305095976868091 
0.203411562970403 0.260633584620214 0.272851034037378 0.250682135721937 0.181979490477470 0.093493282131993 0.039793482617705 0.019626926417444 0.020335123283227 0.044005118279512 0.105537238744504 0.196205733400025 0.260931441553975 0.289259666753756 0.306494323342563 0.310952879889555 
0.235831224359468 0.260560480392753 0.257095548457559 0.219305221814763 0.135737399893496 0.060494120508401 0.025461000856461 0.017350977649103 0.030605137003553 0.079237281760809 0.174700603787313 0.253171239661798 0.277311641802197 0.282116700049712 0.288214663031244 0.279890426875894 
0.246356076966335 0.256196798768088 0.247586918985859 0.203959815027275 0.118769281590971 0.052054033912202 0.024540080031324 0.023415889011156 0.050794151047871 0.128798152708892 0.236904775880345 0.281354964719324 0.281169220042698 0.272229075051560 0.256607898632143 0.213810622509184 
0.228696762418301 0.246477885902515 0.248344163865987 0.213937700806233 0.135177240780620 0.066316987551693 0.036394694190672 0.038596308546964 0.079887419359724 0.178243119996723 0.270757376498252 0.291866862595283 0.280247449735448 0.249938124935258 0.195068251091134 0.126131416523589 
0.177197407491440 0.222147207640476 0.252805189862224 0.242241069289175 0.181956238453066 0.108291915114981 0.067576124436991 0.067669904567205 0.115780452162636 0.212134417480013 0.280569767931223 0.290382766998210 0.263355015176944 0.197626616394856 0.117498806710082 0.062228895237694 
0.111888312101875 0.179142265633067 0.248919333377322 0.269990591469945 0.238955488948202 0.176153613410565 0.125388730653331 0.115768300604549 0.154893052615131 0.226387857584775 0.270965100718826 0.266700110605914 0.211460925650991 0.124049345649062 0.059785758403902 0.031017889035722 
0.064855560525911 0.129405995283894 0.226922763989626 0.281761738732609 0.277435263697244 0.239047121105803 0.194119209301231 0.173418708012854 0.189362634775548 0.225634515995498 0.243008279669414 0.214069988366549 0.137939060459429 0.066384227977396 0.029781996558528 0.019803260888511 
0.040840834502644 0.086403073060483 0.181624335338255 0.269114575746513 0.291426623393955 0.273496078471335 0.241692438742877 0.217569920470395 0.213544282587519 0.221222208789816 0.213548567815588 0.163873644118200 0.088823466737340 0.038496238715763 0.018184386995822 0.018518212527044 
0.200352594409580 0.081851151864268 0.041210692264503 0.059429123667351 0.139661260504337 0.241832754554809 0.279255143397121 0.282195449127155 0.236761085152872 0.115086343477758 0.042677439089628 0.026387742619072 0.049275588934108 0.125177113216228 0.228556713632561 0.271505587097968 
0.170567475564340 0.068930662664891 0.040352869932115 0.068326805508726 0.160281738699693 0.254558070917568 0.282133330256874 0.279738877905621 0.224547916442462 0.103161135608911 0.037618544019711 0.023753490515852 0.045422585140559 0.116881041363278 0.219911875424202 0.268116436328899 
0.109429810809827 0.046856514123603 0.036781346206854 0.076510629903779 0.180042776502249 0.265072311683491 0.284153173947097 0.274975589622690 0.206698966036322 0.089683655324025 0.033234865750227 0.023820912177008 0.049104081353795 0.124214299309623 0.223612055746224 0.269123896007330 
0.057310443425796 0.029854289673604 0.034063497120109 0.083082517888400 0.194623375282212 0.271833674031224 0.285127890651698 0.268330579439275 0.185927815522774 0.076989303278700 0.030433620355616 0.027436169249027 0.062060433243641 0.148548036504868 0.238790211851163 0.274314573662182 
0.041550052154696 0.025764781775921 0.034779660543570 0.087730896842283 0.201467573443797 0.274165909526900 0.284914006260351 0.260753941887928 0.166130523977093 0.066968415972627 0.029989351322365 0.035728871630857 0.086308474916375 0.186978880904656 0.258843614576739 0.279667589020365 
0.066087350463591 0.037437349422717 0.040649198102546 0.091357971199072 0.201360844260489 0.272538027498510 0.283518663059046 0.253238537897298 0.150085203296387 0.060372689652461 0.032261028794404 0.049422920038063 0.121404098999687 0.228012125469535 0.274992733198696 0.279040728750948 
0.142641077485676 0.069801396534965 0.053260611994362 0.095661870469020 0.197707299496320 0.268534800563766 0.281321625743380 0.246566831435116 0.138551553042584 0.056891157807298 0.036923644194110 0.067589839275319 0.161413121093918 0.258429218599045 0.282127520374208 0.267918592547903 
0.229534754933354 0.111590908406201 0.068889605266396 0.100590961395121 0.193966467457133 0.264287530138067 0.279159639605923 0.241331454970442 0.130872110587977 0.055561921631603 0.042825386296834 0.086894569821279 0.196232278530701 0.274515782677900 0.280721442051236 0.247307447621818 
0.250291657474199 0.127058747678567 0.076211358946798 0.103801991852547 0.192337229448141 0.261789221031335 0.278032743578417 0.237720727458653 0.125649989082192 0.055143548544094 0.048360204851469 0.103142991245785 0.218887221526975 0.279953015573469 0.274336752706096 0.223953982180556 
0.209362059909474 0.106620048230832 0.071460900459664 0.105868234158229 0.195171792075595 0.262577528776770 0.278492568720608 0.234872442195468 0.120923522802302 0.054398809846397 0.052314644405004 0.114215647221931 0.230129309770067 0.279912350033450 0.267195687710239 0.205380206417226 
0.134301518189741 0.071788457739262 0.063798310779488 0.112680834574721 0.205380206417213 0.267195687710236 0.279912350033456 0.230129309770090 0.114215647221953 0.052314644405010 0.054398809846391 0.120923522802280 0.234872442195447 0.278492568720602 0.262577528776774 0.195171792075611 
0.070392119887030 0.047628454605674 0.065247046133642 0.131953617226096 0.223953982180548 0.274336752706095 0.279953015573475 0.218887221526998 0.103142991245803 0.048360204851474 0.055143548544089 0.125649989082173 0.237720727458636 0.278032743578412 0.261789221031340 0.192337229448159 
0.037765797843519 0.042168148769614 0.084051600664026 0.168312100159666 0.247307447621816 0.280721442051236 0.274515782677905 0.196232278530720 0.086894569821292 0.042825386296838 0.055561921631599 0.130872110587963 0.241331454970430 0.279159639605921 0.264287530138071 0.193966467457146 
0.028379307300896 0.055154524445840 0.126096302503083 0.216678917211353 0.267918592547902 0.282127520374207 0.258429218599047 0.161413121093929 0.067589839275326 0.036923644194112 0.056891157807296 0.138551553042575 0.246566831435109 0.281321625743379 0.268534800563768 0.197707299496328 
0.033132062914272 0.086497894312008 0.188521751858395 0.259690607883783 0.279040728750948 0.274992733198694 0.228012125469532 0.121404098999690 0.049422920038065 0.032261028794405 0.060372689652461 0.150085203296385 0.253238537897296 0.283518663059046 0.272538027498511 0.201360844260490 
0.046067772953419 0.129987356331291 0.246701146911252 0.283526481131452 0.279667589020363 0.258843614576734 0.186978880904649 0.086308474916373 0.035728871630857 0.029989351322366 0.066968415972629 0.166130523977097 0.260753941887931 0.284914006260352 0.274165909526898 0.201467573443792 
0.278021288442539 0.244219948690214 0.137298879489051 0.057833357563442 0.041085588718587 0.075312622612990 0.162481961884643 0.245195382416996 0.275641421616397 0.277116423449814 0.260096748930782 0.213555479888584 0.147723958517959 0.093419086435549 0.059360966606200 0.041080447246813 
0.283877393553739 0.268825821447287 0.165654542231770 0.064679893989504 0.031753653721889 0.042079330485218 0.092110442074534 0.172681288175313 0.235563735509273 0.259141921982909 0.260670197584835 0.248317356460438 0.221558651954628 0.184040904076370 0.140567460090531 0.096937852732484 
0.288189509519227 0.281447870439962 0.179434888145439 0.066802684152924 0.025876412924336 0.024002400544740 0.049395659029223 0.107135254559475 0.181841105979227 0.228633173093969 0.243829435039812 0.248218202706228 0.251875943140134 0.253585231708717 0.241650046136906 0.199132506031088 
0.290005058268025 0.277024703922983 0.167012082318223 0.059893985517561 0.021492135452662 0.017010746120377 0.033699730804046 0.078761482817551 0.151369447783629 0.207310246061178 0.226601999078814 0.232454364136205 0.243921431263948 0.263988824041241 0.281226925399384 0.274393615416413 
0.283526481131450 0.246701146911242 0.129987356331279 0.046067772953413 0.018518212527042 0.018184386995820 0.038496238715759 0.088823466737332 0.163873644118191 0.213548567815584 0.221222208789815 0.213544282587520 0.217569920470396 0.241692438742877 0.273496078471335 0.291426623393954 
0.259690607883779 0.188521751858385 0.086497894312000 0.033132062914268 0.019803260888509 0.029781996558524 0.066384227977387 0.137939060459415 0.214069988366538 0.243008279669409 0.225634515995498 0.189362634775550 0.173418708012857 0.194119209301233 0.239047121105804 0.277435263697245 
0.216678917211351 0.126096302503079 0.055154524445837 0.028379307300895 0.031017889035720 0.059785758403896 0.124049345649048 0.211460925650976 0.266700110605906 0.270965100718823 0.226387857584778 0.154893052615135 0.115768300604553 0.125388730653333 0.176153613410566 0.238955488948203 
0.168312100159670 0.084051600664028 0.042168148769615 0.037765797843521 0.062228895237694 0.117498806710075 0.197626616394844 0.263355015176935 0.290382766998206 0.280569767931224 0.212134417480020 0.115780452162642 0.067669904567209 0.067576124436993 0.108291915114982 0.181956238453066 
0.131953617226107 0.065247046133650 0.047628454605682 0.070392119887038 0.126131416523595 0.195068251091132 0.249938124935253 0.280247449735445 0.291866862595283 0.270757376498257 0.178243119996736 0.079887419359732 0.038596308546967 0.036394694190673 0.066316987551693 0.135177240780619 
0.112680834574738 0.063798310779501 0.071788457739276 0.134301518189760 0.213810622509197 0.256607898632146 0.272229075051560 0.281169220042699 0.281354964719329 0.236904775880359 0.128798152708906 0.050794151047878 0.023415889011158 0.024540080031324 0.052054033912200 0.118769281590967 
0.105868234158249 0.071460900459680 0.106620048230852 0.209362059909496 0.279890426875905 0.288214663031249 0.282116700049715 0.277311641802202 0.253171239661810 0.174700603787332 0.079237281760821 0.030605137003558 0.017350977649104 0.025461000856461 0.060494120508398 0.135737399893492 
0.103801991852565 0.076211358946813 0.127058747678582 0.250291657474210 0.310952879889561 0.306494323342568 0.289259666753760 0.260931441553981 0.196205733400037 0.105537238744517 0.044005118279518 0.020335123283230 0.019626926417445 0.039793482617704 0.093493282131989 0.181979490477465 
0.100590961395134 0.068889605266403 0.111590908406202 0.229534754933342 0.305095976868079 0.306595763958319 0.274408738334335 0.209528839075114 0.122278366335505 0.056818199502488 0.026685797879233 0.020798792338513 0.034001584473111 0.074685491834474 0.153196146793737 0.237603501923395 
0.095661870469026 0.053260611994363 0.069801396534955 0.142641077485642 0.221614980711709 0.238115426889392 0.196984906847491 0.126376006033592 0.066310263240962 0.034806488435103 0.026536764234861 0.036634161882381 0.070059914703872 0.136799120606344 0.221130805577130 0.274613934150541 
0.091357971199073 0.040649198102545 0.037437349422710 0.066087350463570 0.108621263963200 0.127415133091198 0.108348895607619 0.072980677988498 0.047264223515721 0.039415214835856 0.049450973334630 0.080483212959108 0.137786741721019 0.210915013376152 0.264840390862356 0.286410619285651 
0.087730896842280 0.034779660543568 0.025764781775919 0.041550052154690 0.072414691923765 0.095010925186166 0.092442838738359 0.077361652520628 0.069816132376868 0.079884209801660 0.111255962032624 0.162333205323461 0.219294635865774 0.260970264431158 0.279731006841216 0.278677435123598 
0.038951735760236 0.063384340224526 0.129712683179271 0.216994649748303 0.269114575746517 0.281761738732610 0.269990591469944 0.242241069289172 0.213937700806230 0.203959815027272 0.219305221814760 0.250682135721935 0.278911088421922 0.291541881093380 0.284678624795885 0.250551130198785 
0.063384340224523 0.052252221655377 0.071876266591512 0.121509124924791 0.181624335338262 0.226922763989632 0.248919333377325 0.252805189862225 0.248344163865987 0.247586918985860 0.257095548457560 0.272851034037379 0.284441616127074 0.280372594362241 0.246960412751068 0.179374261806823 
0.129712683179263 0.071876266591507 0.049606627867272 0.057561161812263 0.086403073060488 0.129405995283900 0.179142265633072 0.222147207640479 0.246477885902517 0.256196798768090 0.260560480392756 0.260633584620218 0.249352927653425 0.214656322016367 0.154082024930105 0.092578365190137 
0.216994649748292 0.121509124924781 0.057561161812259 0.036376810928922 0.040840834502646 0.064855560525913 0.111888312101877 0.177197407491441 0.228696762418302 0.246356076966336 0.235831224359470 0.203411562970408 0.157488209993969 0.108497877476861 0.067023194484365 0.041328051224881 
0.269114575746510 0.181624335338250 0.086403073060481 0.040840834502643 0.030505588806662 0.042895818637776 0.081645343272453 0.149668666050960 0.211385085623566 0.224927914966120 0.187972157295793 0.126397193138012 0.075643523622896 0.044160306238136 0.027664328232196 0.024729220022333 
0.281761738732608 0.226922763989623 0.129405995283891 0.064855560525909 0.042895818637775 0.050459625475470 0.088094800436706 0.155227109425268 0.211122667789082 0.209974678206748 0.149995988951508 0.080103707021510 0.038954094374260 0.021077348802223 0.017083695753058 0.027664328232195 
0.269990591469946 0.248919333377321 0.179142265633065 0.111888312101873 0.081645343272452 0.088094800436708 0.129422885114686 0.192065975405451 0.231559150239253 0.215528831433214 0.143210133177730 0.069709982594006 0.031724754751181 0.018615703102351 0.021077348802222 0.044160306238134 
0.242241069289175 0.252805189862224 0.222147207640474 0.177197407491438 0.149668666050962 0.155227109425273 0.192065975405456 0.236078622709752 0.255401862750890 0.234358976863619 0.165509255443131 0.088868151293312 0.045938566408847 0.031724754751181 0.038954094374260 0.075643523622894 
0.213937700806232 0.248344163865986 0.246477885902514 0.228696762418301 0.211385085623571 0.211122667789092 0.231559150239262 0.255401862750894 0.264754474669118 0.251319954098769 0.204545217694239 0.137745485393622 0.088868151293315 0.069709982594010 0.080103707021513 0.126397193138012 
0.203959815027272 0.247586918985859 0.256196798768088 0.246356076966336 0.224927914966127 0.209974678206761 0.215528831433228 0.234358976863627 0.251319954098772 0.256076839680758 0.240431000906469 0.204545217694242 0.165509255443138 0.143210133177740 0.149995988951516 0.187972157295796 
0.219305221814760 0.257095548457558 0.260560480392754 0.235831224359470 0.187972157295801 0.149995988951521 0.143210133177745 0.165509255443142 0.204545217694244 0.240431000906470 0.256076839680758 0.251319954098772 0.234358976863626 0.215528831433225 0.209974678206757 0.224927914966124 
0.250682135721935 0.272851034037378 0.260633584620215 0.203411562970405 0.126397193138015 0.080103707021516 0.069709982594013 0.088868151293318 0.137745485393624 0.204545217694240 0.251319954098770 0.264754474669119 0.255401862750894 0.231559150239262 0.211122667789090 0.211385085623570 
0.278911088421923 0.284441616127073 0.249352927653420 0.157488209993964 0.075643523622895 0.038954094374262 0.031724754751183 0.045938566408848 0.088868151293314 0.165509255443132 0.234358976863620 0.255401862750892 0.236078622709754 0.192065975405457 0.155227109425274 0.149668666050963 
0.291541881093381 0.280372594362239 0.214656322016360 0.108497877476856 0.044160306238135 0.021077348802223 0.018615703102351 0.031724754751181 0.069709982594007 0.143210133177732 0.215528831433216 0.231559150239256 0.192065975405454 0.129422885114689 0.088094800436709 0.081645343272454 
0.284678624795885 0.246960412751065 0.154082024930100 0.067023194484362 0.027664328232195 0.017083695753058 0.021077348802222 0.038954094374260 0.080103707021509 0.149995988951508 0.209974678206749 0.211122667789084 0.155227109425271 0.088094800436708 0.050459625475471 0.042895818637775 
0.250551130198785 0.179374261806821 0.092578365190135 0.041328051224880 0.024729220022333 0.027664328232196 0.044160306238135 0.075643523622894 0.126397193138010 0.187972157295792 0.224927914966120 0.211385085623567 0.149668666050962 0.081645343272453 0.042895818637776 0.030505588806662 
